8195
17
16405
24598
40981
16410
32795
30
57374
49182
40994
8228
16424
57385
24626
49202
49206
16442
16444
57407
16449
49225
41035
8269
16465
57426
32861
41053
103
57450
57462
128
130
32902
8329
41104
153
8360
41136
16574
24768
16590
57554
8408
24809
8431
49396
33013
16629
16636
24831
8448
41229
271
16656
41231
275
49428
16661
24858
57630
24862
292
24870
49448
304
33080
24888
33082
16708
8526
49487
57681
8532
57692
24927
41327
8562
16757
33142
8570
24956
57747
405
16790
24989
57762
49571
33188
49579
25004
8622
25008
436
25016
33219
33225
33228
57808
16851
469
41430
16857
8666
57820
57829
487
16875
25068
495
25082
513
41477
25097
16906
49676
16908
25103
41489
25112
16924
16934
49706
41516
16941
560
25139
8757
41533
585
49747
41556
49749
57943
49752
41562
33371
41570
25187
33386
25197
57966
624
41585
17010
17011
33394
41588
49781
631
33402
33409
57986
41604
652
33426
25235
8852
8855
49816
17048
33436
8862
58016
8871
41647
58031
8885
695
41658
58042
8909
17103
33495
17114
17118
33503
8931
41710
33521
25336
49913
25338
58108
33537
8969
33550
17167
33557
49946
8992
8994
8996
810
9007
41778
821
33591
9019
41792
17217
25413
33605
839
9034
843
9036
41805
857
33644
41837
50038
41851
891
58238
17280
50060
58253
9101
41874
50071
921
25508
33712
25529
25531
17344
17346
25542
58319
33749
17365
9175
989
58341
9201
33780
33786
41981
50175
25603
58372
58375
17419
33809
33811
58391
9239
33817
33818
33820
17437
50208
42017
25640
50224
1074
58421
42037
50232
25656
42045
50240
33861
33869
33883
9311
42081
50276
1125
33893
1129
1135
9335
17542
58507
9358
50326
33951
58532
33957
50341
58536
42153
42154
58538
25778
33980
9408
42181
58567
1223
1225
50382
1231
50388
9439
58592
9446
25832
1257
34024
9458
50419
17652
50422
58625
9475
58628
25868
1301
50453
50456
1308
42273
25895
25908
34105
50492
1340
34116
1351
9544
50504
50506
50509
34126
17743
34128
50518
34135
58714
34140
1376
50528
58722
25956
50548
42357
9592
50553
17788
34175
17795
1418
50577
42390
42391
34200
34199
58786
17828
50608
58800
26036
58807
50620
17856
58816
42434
26051
58822
42442
42449
58838
26071
50648
26073
58849
34275
50669
58862
26111
26118
58889
58891
42508
34317
50699
34325
58910
9767
17962
34352
9776
1588
42558
50756
58970
18010
42588
50780
1633
26212
18022
50791
50792
34411
34416
1650
9850
59003
59013
50826
26257
9875
34456
26269
26274
34470
1702
34473
9898
34477
50864
59063
18104
34490
9926
9930
59083
9932
26317
59090
1760
9953
1762
1764
26343
50922
34538
42734
59137
59147
26388
10020
1829
42798
50990
10037
50997
59191
1845
59199
34624
59201
18248
26443
1876
42837
1878
59223
59229
26463
34656
10081
18276
51055
59250
1915
34683
34691
26503
1932
26509
34702
59279
59280
18322
42898
10136
34712
26521
42921
26538
26540
42929
51122
59315
51124
10168
18363
51134
18376
26569
51147
34769
10194
10202
10210
26624
10240
34820
51206
18455
10263
18458
59419
51227
34847
18464
59436
34862
43058
34867
59443
51254
51264
34881
43103
18528
18529
2143
10339
51299
10343
18544
26740
34934
59517
18567
43167
10402
10404
34981
10407
43179
2223
59579
59582
59583
35009
43205
59591
51411
2263
10458
59614
18662
35047
26859
18670
43247
18672
43249
26872
2298
18684
2304
26882
43270
2313
2319
59663
18705
2321
43283
26896
18715
2335
18720
35110
10535
26922
10539
18737
2355
10556
51520
59716
35140
18757
2375
51530
35147
35148
59731
2389
59737
43355
51550
35166
26979
51573
2444
2449
59797
18839
27033
35233
27046
43434
18860
35246
43441
10679
43448
18873
10681
43451
27072
59840
10690
27076
10694
51660
51664
35282
51674
51677
51678
2525
35299
27110
27111
10728
18924
59885
18927
2545
10756
51719
35338
2577
10770
43545
35359
59940
51750
35368
18988
59949
43573
27192
43586
43588
35401
51786
2634
10831
10832
19046
43634
43635
10869
2679
19066
19068
35458
35462
10887
27273
51849
27284
2714
51868
43693
51885
51888
2737
51894
10935
51897
10944
27331
51913
19149
19150
43734
35546
43744
2788
51943
43754
27371
51953
51961
43781
43784
2833
27416
35610
19242
52011
43819
11054
11055
11059
19252
52021
35635
35647
52033
35655
35656
27465
35663
52052
19289
43869
27490
19300
11114
27500
11118
2927
52088
2938
43898
27525
19334
19336
2963
27546
2972
19358
2989
2990
2991
35775
19395
11209
27600
43984
52191
3049
27627
35830
52217
19463
27658
27663
52240
27665
27668
52250
3101
11294
19485
52256
19499
19501
11313
3123
35892
19510
35900
11330
35910
19532
19535
3154
3158
19543
44126
3172
27750
3180
3193
19577
3201
11393
35975
11405
11411
52376
11418
19619
52388
44196
36008
44203
36025
27838
19647
11457
52422
11465
44234
19665
11474
36051
11480
44258
19693
19694
19709
36095
44288
11522
27908
3336
36111
27948
44353
52550
27974
19799
36192
52578
19810
19813
52582
11621
3439
52598
36225
52624
28049
19858
36245
52629
11671
28054
28058
11674
11684
19886
44472
44485
19909
28101
52677
19912
52683
36311
44503
52697
28130
3558
52711
28136
28143
19953
52727
44556
19984
28192
52772
20009
52785
20017
28212
44597
36410
28219
11838
3647
3651
52803
36431
3663
28243
11876
28260
11880
44653
28275
36468
36469
52857
3712
44675
3723
52881
28308
3735
36513
3754
3755
44717
44718
3760
20147
11959
44727
3771
44732
44736
44744
44746
52940
3791
28368
11983
20186
52966
12008
3819
12014
28404
3830
44790
36614
53005
12045
12047
12048
28440
12061
44830
28458
20289
28482
3910
12111
36692
36693
44893
53097
53098
44909
53105
28531
36725
36726
20343
28550
28551
3984
28562
3986
20372
12181
36757
12183
36762
12187
44959
4003
44965
20405
28597
28603
12221
53190
53191
28619
20435
45015
20447
45028
36843
53231
28657
53234
53237
4087
4090
53244
53252
4101
53256
36872
12298
45067
28682
45074
45076
28697
36890
12317
12320
36902
53292
36910
20528
4148
20536
45122
12355
12360
28755
4180
53332
36953
28762
4196
53349
20598
45183
12415
12423
28811
45196
4262
53415
28849
53430
4280
28857
20677
20697
4313
37085
12511
4325
4326
28906
37104
45314
4363
53523
20764
37167
12592
53551
20787
12606
4420
53573
28996
45389
45395
37203
29028
29038
12656
12657
20848
45424
45429
37239
20856
37241
29050
12668
29054
12673
20866
37251
20875
45455
29072
45458
37267
4508
20899
45483
45490
53683
12725
29123
45509
20939
4560
4561
53714
45523
45524
29142
37336
20961
37366
45576
29193
45577
29207
12830
12831
37410
53800
53801
29228
53812
4662
53829
45664
45671
53869
4719
12912
37489
12921
12922
37500
21120
29325
4752
37521
53905
12946
45716
21146
12963
21156
12968
29355
45740
4785
37553
21175
4797
12995
53958
4807
37576
13003
37581
29392
13018
21211
45794
13035
37613
37621
37641
21264
54036
4888
13083
37663
13097
37680
54076
54077
4929
45894
4937
37706
4939
37712
13144
29530
37723
37724
13149
29534
29535
45931
4973
4983
4990
54143
29573
21382
54155
13196
5005
37784
54171
21405
29604
5030
45991
37800
46001
29618
54207
54209
37832
54217
21456
5076
5080
37856
5095
46060
54256
37878
5120
21508
29707
37906
37909
29723
54302
21537
21543
54318
21553
37943
21574
37974
37978
54372
37989
54379
37995
21613
5241
5260
21645
46220
54423
5281
46242
21674
21678
29874
54452
29878
13514
54478
5329
38104
29922
21731
38117
5362
13555
38132
38136
54522
21756
38144
29962
21775
54546
21780
29975
46365
13602
21800
46381
46388
54582
21815
21817
5437
46398
54596
38214
38227
13659
21854
46448
30065
46449
46451
46453
5495
13695
46467
30099
13735
54699
30124
46514
13751
38330
13756
5577
30155
5581
21973
46555
21981
38372
21991
38386
38389
13817
5642
38411
30223
30235
54813
38443
5677
13869
54834
54835
30260
46646
5687
22073
54844
13906
22099
46679
13912
38488
54877
38493
5728
30305
38500
13927
22122
30314
46703
46707
30324
22135
38521
22139
54909
46726
38534
38535
30346
30348
38542
5778
54945
30371
22193
54977
46807
5854
30432
22246
30440
14060
30447
55025
14067
22261
55029
46844
46847
22274
46859
5904
5910
38683
55088
22324
30521
5946
14142
46912
55109
46922
55121
46930
30547
38739
38746
22363
30562
30566
46954
55167
30605
22413
38799
30613
47000
38808
14232
47015
22450
22453
38838
22460
30659
38855
30664
38864
55248
47057
38868
55260
6115
14317
22518
30711
14331
30716
14340
14342
22535
6150
47113
6160
55321
22559
14375
30760
6193
38962
6197
14397
14398
6207
55360
38977
14411
55372
22611
6230
6231
30808
47191
22629
22631
14449
47223
39032
6264
22648
6266
39038
6277
14470
22663
14481
22675
14486
55446
14490
55467
39085
47290
30908
22722
30922
30927
47315
14554
55515
30938
22758
47339
55540
14584
39161
22776
39169
39176
14601
14611
31000
55580
47388
6429
39207
47403
14638
22835
22836
14655
6468
39237
47439
6483
31062
22874
6496
14691
47468
39285
47483
47489
39304
14735
39316
14747
55713
47521
6563
55719
31147
39341
55726
55729
22971
47559
55753
31187
31188
47572
55764
6619
39387
31201
47612
31232
39430
14856
31242
31246
23055
55824
55830
14878
47647
55840
6697
6699
55853
39470
6709
39483
14912
14915
39493
23117
31313
6747
14940
55902
39520
47726
6775
55934
23169
39568
47787
31405
47803
39613
23232
6849
23235
23241
23246
47832
31449
31466
6891
23291
15103
15105
31493
47892
15131
23326
15147
23351
31548
31576
47960
7001
56155
47968
56190
39818
7055
15249
31634
15257
7077
39853
23473
31668
56256
39873
15303
23501
23504
7121
31700
39894
39900
7142
7154
31732
31735
31738
15359
31743
23554
31750
15372
7183
48145
15380
56342
15386
56348
7200
48163
7208
31792
23600
15409
31812
48197
31813
31815
31816
15431
56394
56399
56402
23635
48213
7254
31830
23647
56421
56425
7276
48242
40057
7291
15485
7296
31873
15500
15504
15506
7315
48276
56476
7329
48301
56498
48308
31925
48312
48314
56510
23743
56512
23742
48334
15568
15570
15571
31960
31961
56536
15583
15591
15592
56553
7401
23790
23807
40194
23817
56593
32023
32024
56613
32054
32060
32066
32069
56646
7503
48463
32081
40282
23900
32092
7523
40296
15722
40306
56691
23924
23922
15736
40316
32129
48521
32159
48544
56737
15778
32165
56751
23983
40370
15794
32185
40381
7620
40389
15825
7654
32237
15859
24071
32264
7693
32273
40467
32277
40472
40475
7708
7714
48674
48676
48677
24104
15913
40498
24119
24126
56894
15940
7751
32331
15949
56911
40540
15964
24158
40562
48754
15990
48758
40569
24187
24193
48782
56978
32403
56981
48801
48807
7847
32425
32433
40639
48833
32451
40648
57038
24275
57053
40673
57058
7909
48872
32490
16111
57071
48886
24314
40698
24320
7942
32519
7953
32550
24360
48941
57135
40758
48952
40769
32579
8022
57181
57196
24439
57209
32636
40832
57221
40841
40842
57229
49052
16290
24484
32677
8103
16296
40881
49074
57267
49077
16319
24513
16335
8143
57297
8149
40921
8164
57316
24548
32743
40940
8174
24560
32754
32762
8189
