49154
49155
8197
49160
57359
49168
16405
57368
40987
24603
49186
8228
8229
57383
24620
57388
24626
41020
57407
49216
16449
16454
16459
8270
32853
85
41046
32861
49245
41056
8302
49266
49274
49278
128
8326
8327
57480
57479
32906
24728
8345
8346
57498
8356
41126
171
41155
32967
32970
49367
32983
8419
49382
238
8431
33010
16632
57593
8442
33025
16656
298
33070
33073
33077
319
321
330
57678
24912
49494
24918
57688
41310
49502
33120
16739
8555
16748
16749
367
16755
33140
57717
49525
373
377
8570
386
8582
24971
8593
57747
24982
41368
24986
8603
411
16797
414
24987
25012
41400
16837
57800
33225
57807
49620
16852
8662
25048
483
25063
33259
49643
25070
41455
25076
16896
33283
516
57863
16904
57871
528
57878
49688
16924
57886
25118
16928
49696
57895
57905
565
41526
57914
16955
25150
16960
583
8776
49739
16978
33363
57949
33375
8803
41588
8827
17022
57984
646
8843
33426
49813
49822
41638
8880
17078
58046
706
8913
17109
58074
49884
732
33506
33510
742
33518
17135
58096
58103
41739
17168
49946
33562
41761
8994
8996
41766
25383
811
58155
821
9016
827
829
25413
17224
9033
842
33614
58192
33621
854
17239
17244
9054
41825
50032
58227
41851
25471
903
58259
17300
33683
9113
17306
41883
58268
33693
50075
17308
9114
41891
25508
50084
58278
9127
58290
41907
41909
41915
50112
50113
58306
17351
33736
25543
50123
33744
50128
9174
9176
25561
17371
58331
58335
25573
50152
33781
9205
9214
17409
41986
58370
33800
17423
42003
42004
9242
17437
9246
33832
50221
33844
58421
33846
50232
42046
50239
9280
1087
58434
25664
50240
42056
25676
50263
9304
17498
9311
58469
33898
58487
1147
42110
9343
42113
50324
58517
1177
33951
42146
58531
25764
1196
58542
50352
1203
9402
58565
1221
25801
17614
9435
25821
42206
25829
9458
58610
17656
17658
34046
9472
25872
58643
17684
25882
50460
42282
1322
1325
50479
42290
25909
34102
9529
9537
1355
1358
34138
58719
34146
50532
25970
58740
17784
25977
42364
58755
9608
58760
1419
58764
42390
42391
9622
17816
42400
34218
34220
50614
1466
26051
1476
58820
17866
26060
50638
50640
42449
1493
58842
9702
42486
34296
50681
26107
1533
9737
26123
50701
17933
34317
26129
58898
26131
17939
58919
9767
26158
42549
26168
42563
42567
1616
42577
1618
18005
50774
50776
50777
58970
50780
42589
50787
34408
9837
26224
42611
42616
18043
34430
18052
26250
34443
9867
1678
9875
50839
26269
18081
18082
9893
1706
1708
9902
26289
18102
34491
1726
1738
59083
42700
50895
18129
1746
59090
59096
9945
9948
18143
1760
9953
9963
34540
1773
26350
26354
42742
1783
1782
26366
1791
26373
9990
34566
34573
26382
34576
26385
18194
42774
10006
18207
50975
1829
34600
1834
59185
18226
34612
50999
34617
34624
59206
26452
42844
1884
10078
59239
18282
18285
18287
51056
59251
42871
10104
18302
18309
10124
18317
59280
1938
18330
18337
1958
42921
1970
59315
59319
18363
59329
42950
26577
18393
10210
18430
2054
43020
10268
26652
18465
2083
59436
2094
10287
26675
10298
43072
51274
59467
59470
10327
10331
18529
51299
2148
43114
10349
43121
10355
26740
18551
18553
34939
59522
26754
2180
10373
59539
18587
18588
10406
26804
59583
35010
59596
51412
35028
59611
51422
35039
51433
18668
35058
43257
18682
51451
43260
2297
51454
2309
43272
2313
43274
43276
35087
2325
26903
43291
2335
18720
43310
18737
35138
35141
43334
59720
35155
26967
35162
59742
10590
18788
43367
18796
26988
2417
51571
18806
35192
43384
59768
51582
10626
51588
2437
27013
35218
43411
35224
59808
35233
59809
18852
18855
18860
35246
10672
27060
2489
35259
27074
51652
10695
35274
35277
35282
35283
43485
10718
18921
35310
10735
51695
35318
59896
43512
51710
10750
51711
59911
51719
35345
10770
51731
18967
2593
27172
51750
27176
35385
2620
2625
27202
51786
2636
51789
27227
59998
19046
19050
27252
35458
10887
35464
10891
43672
2719
19109
10923
10928
27316
51893
35516
27328
43716
2757
35533
2765
2775
19163
27357
43744
35553
19172
51950
10992
10997
51964
2827
11023
27416
19226
35612
51996
27423
19236
27430
27435
19245
19254
2872
2876
52033
35658
27468
43860
2911
19296
35691
19317
35705
27517
52098
2948
11149
27538
52117
52121
35737
19355
2969
11173
27561
19372
2997
11192
3008
19392
52170
27600
19409
52200
11240
52205
19441
19442
11253
27650
19463
3080
11274
19472
44048
27666
27667
35856
3090
3097
27681
35876
19493
44084
52282
52284
44092
3135
35910
35915
44111
52304
27728
3151
52318
3169
44133
19559
19561
11383
52344
3193
19590
11402
44175
52367
52373
44184
11417
11416
11424
3233
44205
36028
52413
52422
11465
44234
19665
27865
19677
27881
3309
52471
19710
52479
27905
44294
3336
19723
11536
52496
44311
52503
44333
52526
27952
11572
27972
11608
19802
19803
3418
11616
19810
11621
11625
44393
3442
36225
36230
19848
19850
44430
28052
11671
36249
52637
11686
19879
28075
3521
44490
19926
36319
3557
28141
28143
44528
36338
3572
52724
19958
36345
11774
19976
28170
3594
36367
19984
28181
36383
28204
28206
11822
20016
44597
44599
3646
11840
36420
36426
3667
28243
11870
44645
28268
44687
36495
3729
28303
36500
44694
3735
52889
20122
28315
36536
36540
44733
20160
3777
44739
36547
11980
52940
52942
44751
3791
44758
3805
20189
20203
3824
36597
44807
53005
12048
53022
20263
3885
44845
28463
12080
28467
36661
28469
44858
28477
36671
12095
53063
3917
12111
28499
53076
53097
12145
36725
53115
44931
20358
44938
36751
3986
12183
53147
44959
12196
44965
12205
44973
36783
28593
4019
12229
12255
20453
12265
45034
36843
36846
36849
4095
45057
36870
36872
45074
45085
45089
36899
12324
53287
4140
4151
20536
12353
45122
20546
4168
4191
20590
28793
45183
20614
45198
45204
28830
4262
53415
28849
45248
20680
45270
12508
12513
28899
53478
37095
20718
45298
37107
53495
28927
37121
37123
37125
37131
37134
4367
28943
4371
45343
45346
45348
4389
53551
28982
45382
29000
29004
37198
45395
4441
12645
20840
37227
45420
29037
4463
4479
20875
4498
37284
53668
12709
12722
4535
53687
20926
37312
20930
20937
37322
12747
4561
37329
12756
20952
20958
37346
20969
53738
29165
37377
45576
29196
53773
4621
4625
4626
29201
53781
37410
29221
53800
12843
29228
12844
21044
53813
21058
12869
21062
53829
53837
45653
21079
37465
53853
29290
53866
4720
21112
37508
12945
37522
29346
37541
53931
29358
29361
37554
21172
45756
21187
37573
45769
13016
29414
21226
45803
29421
54007
21257
13073
21273
13083
45855
45859
29479
29494
29498
4923
54079
37697
29506
4931
21315
45893
4937
37712
54096
29522
37722
37729
54115
54120
29546
21359
29557
45946
54140
21385
5006
13198
45969
54162
5016
13218
45996
29613
29619
13238
5046
54212
13260
21453
21456
29654
5081
5088
29666
5112
29690
29691
46074
37884
54271
54273
29707
29714
37908
54301
21537
5155
29736
46120
13355
5175
54328
46144
46162
54355
37974
54364
21598
13407
13420
46189
21614
13424
46202
5246
46206
46213
13448
21641
54411
21645
13454
21653
54423
54424
54428
38051
13480
29868
21678
46261
38070
5305
13502
5319
5329
38097
5333
13527
5343
5344
38117
46309
5351
21743
5359
46323
38135
38137
21766
46361
29978
13599
54575
5426
54580
46398
54592
21826
13635
13637
54605
46416
46417
5458
38227
46424
30050
54627
13670
38250
30067
21876
38265
13698
21892
46469
38277
5511
30090
5518
13725
38305
5538
54693
5544
5550
54714
13762
54724
54725
38340
30165
54749
38372
54759
22001
46583
46585
54780
46593
13844
38436
46633
38443
54832
5682
22068
5687
13884
30268
30269
46653
30273
30274
5697
54865
13906
54877
46690
13923
22115
54886
5738
13934
22130
46710
30326
22140
38530
30341
38537
30353
38547
54937
46748
54945
38567
46766
46780
5821
46786
46787
54982
5830
54991
55005
5864
22261
55037
22272
14081
5888
5893
46854
14091
46869
46871
5914
30494
38716
14141
55103
55104
30529
22347
22364
55138
22371
46964
30587
14216
55185
22425
55194
30624
6049
47015
14253
22457
47035
22462
14271
30659
6086
30664
55248
14289
38874
6107
14300
30686
47072
22498
22502
14312
14320
14338
22545
38931
55315
30747
14364
22559
14375
6188
14381
38961
30776
38970
55360
22602
6220
47181
55372
22607
6237
6240
47200
30818
39033
47259
47260
55452
47265
55459
39085
22706
22707
39109
30920
14540
30925
14551
22745
6362
55515
30938
39134
6369
14573
22769
14586
39169
14603
39179
47373
55565
55573
39193
22809
6426
39198
14627
6442
47403
55597
31024
55602
22836
22837
31030
14644
6454
55609
22842
39230
6468
31046
6471
14669
39250
6487
39266
39268
55654
47463
47462
47464
39276
47476
47483
22910
14719
55685
47493
6535
14728
6540
22929
55719
47531
6575
55731
22965
14775
31162
22971
22976
39361
39364
31176
55753
39370
39375
22998
39387
47580
39390
31199
23019
6636
6640
14835
47611
6651
6659
23053
23054
14864
31249
47640
39459
47651
31274
55863
31291
31293
14913
14915
55879
23113
23117
39506
39521
31331
6758
23142
55914
23165
23169
23174
23177
14990
6802
31391
6821
31399
23207
15020
15021
39603
31420
39613
39624
39631
56019
47832
47834
15068
6880
15078
31463
23279
56048
23291
39680
56067
15111
6926
15120
6929
56085
15126
56088
6938
39716
47914
15152
56115
23351
56133
15176
39752
39757
47959
56166
23398
15208
39792
31615
48005
15243
15246
7054
56220
31649
23457
31652
39853
48061
23493
23495
39888
56284
7134
23530
39916
15343
48112
23540
39926
15353
7168
23557
15367
39943
39945
31751
31769
56346
31771
56353
56355
31780
7204
7208
15403
23596
56368
7217
48186
23613
48204
40015
56415
56417
7274
15471
40051
48248
15484
7296
40064
7305
48267
7307
15505
7317
40086
40089
7324
31901
15521
31915
15535
40117
48310
40124
56514
31939
15568
15580
56547
56548
48358
7401
31978
31981
7407
23792
31989
23799
7423
40201
23822
56594
15643
32035
40231
40234
40240
23857
15666
48440
32060
40264
32077
15697
56663
32088
48474
48476
7518
23903
48489
23920
56689
40306
32119
32123
40316
32125
32126
15749
40329
7568
32148
48535
40343
32153
56732
32159
23983
40370
7605
23993
32186
40384
32194
32197
32202
56781
40403
56787
24021
40406
7641
48620
7673
7677
15878
7688
48663
32282
32312
15934
56894
56899
56915
56917
15964
24158
56936
48753
24186
40571
15997
32393
24214
40599
40600
40615
16042
57003
40620
16058
32446
48832
24257
16066
32453
40653
7888
7895
24292
32484
7908
24299
32491
57071
48882
32501
57081
16124
48892
32511
40709
40711
32522
24334
7959
24345
7963
16155
32550
24360
16170
57149
40784
16218
8031
48997
16230
32617
16241
32628
24440
16252
40836
32648
49045
8087
16279
24472
32668
49054
49056
49061
32681
16297
49075
49081
24515
49092
32709
8134
49099
8140
49104
57296
32722
24538
40923
16353
32750
16366
32759
8189
