59392
24582
18439
36875
40991
22559
45089
47139
51238
14375
55336
53296
12340
24631
53304
24634
61
4166
14407
8264
28745
51274
41032
59464
36963
30819
12389
36966
47204
2148
26736
30832
14449
43121
28793
124
10366
12415
4227
34949
8326
26764
57498
26780
34976
6314
34992
32948
22716
35005
59582
12478
26818
51396
18629
28891
55515
59616
14560
18662
37095
12525
55536
35058
47347
4345
2309
43270
2319
35091
49428
43285
47387
43291
31007
10529
43302
14640
20787
33077
4406
18744
16708
2378
14666
2380
29008
10577
18769
37227
12656
49523
57722
14726
22919
12684
14737
14747
53661
20899
12709
8617
39341
14768
59828
39351
25017
59839
33215
45505
31173
55753
57802
25034
53710
33246
10718
25058
16866
35300
51685
37349
53738
16875
6638
33262
51696
14835
29175
6648
51706
35322
14847
37377
41476
59911
29201
37394
29211
8734
51750
59946
51754
18993
49717
4662
2623
43586
8770
37450
33356
47694
19026
19033
43611
604
23131
53862
23142
29289
21100
25197
10862
10864
55922
51831
6793
53899
8843
29325
29323
39569
41617
23190
10909
17056
29344
6823
55976
10924
41645
47790
23215
25261
58042
39613
49860
58053
31437
720
19153
29392
56019
27349
17114
8932
29421
45812
15098
17149
39686
33557
41761
27435
15152
11059
27444
31543
49976
49979
4942
9038
58190
4946
15191
41816
19289
11099
45917
15198
54115
37732
33638
33644
11118
13167
33650
19320
52088
15232
35713
2948
50060
50071
15257
35740
2972
17310
54181
35750
35757
23480
25529
41914
35772
23484
958
52164
5061
7110
46023
50120
50123
58335
5089
23525
5100
31727
39924
21500
21502
3075
9219
25607
23569
13331
15386
1054
21555
58431
25664
35907
31812
31817
56399
9295
11351
11352
52314
7270
11370
9324
19565
29809
58487
7289
38012
23679
21642
5260
3213
15510
38054
31911
52393
3245
13487
33969
1217
7362
44228
40134
11465
50381
40153
5338
15583
1252
1253
46311
34024
17643
52472
23804
7423
25856
29965
21779
40217
58656
48425
56619
44336
42290
32060
58690
32069
52553
1357
7503
11621
34151
21864
40300
40306
34164
13687
11645
56709
44422
42391
1432
50595
30116
11687
19879
46507
32171
56751
40370
1460
15798
54711
26045
11711
58816
3521
19918
42449
40403
38357
32217
15844
32237
7664
54768
40449
5636
3588
32263
32264
9737
13838
52752
54806
40472
26139
54813
32294
3628
44589
54832
11825
5682
34352
28212
44595
30273
30274
28231
26187
28237
36432
3664
18005
50774
58970
28251
20062
30305
30309
54886
15994
54908
20108
36492
3729
28310
36513
26274
52899
11938
40629
36536
57018
3777
26316
52942
18129
3805
46815
34535
38645
36597
50941
46847
38671
28439
5914
16155
46878
38690
59172
20260
12073
18224
7986
28469
40758
57141
16188
55104
46920
14153
5965
22350
48975
28499
14167
8027
53090
44907
18287
51056
34679
3964
53121
40836
55172
59270
26509
12181
24475
12187
59297
40867
16297
36785
28603
49083
1983
30659
1988
14278
34763
1996
1999
36816
38864
18393
57308
51175
10215
8187
