8195
8196
16389
40967
40970
11
40972
8205
16398
24588
8202
57364
16405
8216
49176
24605
49182
40991
57375
8228
8229
37
41002
24618
8236
57393
24626
16435
57398
57399
57400
49206
24634
41020
57407
68
57413
24646
16459
41042
24658
57428
32856
49241
57434
8282
57436
32861
24666
24672
8293
103
8298
49260
8302
41074
8309
57462
24695
24696
41082
57466
24700
57468
16510
128
24706
49283
57475
133
57482
49290
41099
142
8336
24726
16535
8343
49311
57515
24749
16560
24754
32946
16562
8371
183
41147
32956
41149
24765
8384
24772
57543
32967
32975
209
212
8405
8406
57558
32984
32985
49370
16603
41177
32989
16605
49369
8408
8417
57570
16611
8416
16606
16614
8423
57575
49382
8431
8434
8435
57588
244
24819
16628
24820
49401
250
57593
24829
41214
255
8449
57604
41221
33029
57606
57609
33037
271
272
16655
24851
49428
57623
24856
49433
41242
24860
57630
16676
16679
49448
24876
33070
312
315
49469
49470
8515
33094
57672
33096
33101
41302
57689
57690
49498
49502
16740
49509
49510
57704
41321
49514
33132
49518
33135
16752
376
49529
377
41336
16764
16765
41341
49535
49537
8581
33158
33157
392
16779
16781
24974
24977
57747
41364
33173
8598
24983
57753
24991
57762
57763
419
41381
49574
8614
41382
8617
57766
8616
33192
8621
25008
41392
433
41395
435
41400
25017
8636
25025
25031
16840
25033
25034
49611
8654
16848
49619
468
57811
25046
49623
41433
25050
41438
57826
16867
16866
41449
25068
57836
8685
33262
25072
33267
8693
57846
8698
41467
8701
8702
41474
41477
41478
49675
33291
33295
25104
530
57875
16916
33301
41491
25113
8730
539
8734
16927
41506
33319
16935
16939
557
8752
560
25138
8755
16945
8757
33333
57910
569
41532
41538
16966
49734
25161
25162
49739
8778
25164
57932
33356
8784
33364
25174
16984
49753
33368
602
16988
16992
49760
25184
33380
49765
16996
49771
49772
17011
49782
8824
25212
652
8853
25239
49815
33431
58010
49820
8861
49822
8863
8864
17056
49826
33443
58020
8874
8880
689
8885
695
58040
17081
25271
17083
41657
41661
8894
33471
33472
705
25281
17091
41659
709
17094
41663
58058
41674
33484
8909
41677
33496
49881
49884
41693
8925
17120
49889
17124
58085
33510
58087
744
25323
49901
25328
25330
33524
8949
17145
33531
764
17147
25342
58108
58112
33535
33538
771
25347
772
17158
775
41735
17159
49928
8965
25355
41743
49941
791
58140
41757
49954
802
8996
25381
806
8997
58152
25385
25387
58156
816
821
49974
823
49976
825
25403
58173
25413
41797
840
33611
58190
33618
17245
33634
41829
33639
50024
17262
880
50032
9073
41843
25456
25463
50042
41851
58235
58237
17280
58241
50057
41867
41869
50067
17303
41880
50072
50074
25500
33693
25505
50084
25508
58278
9129
17326
33710
25528
9145
41914
25532
33725
17343
50114
963
25539
17351
41930
33739
17356
33741
17360
9172
50134
58327
9176
25558
9181
990
58335
991
17381
58350
33777
41970
58355
58353
58356
17401
9210
50176
58370
9219
58375
58376
33801
33806
58386
1043
9239
17432
17437
1054
33822
9248
50210
25637
42022
42024
50217
25642
1067
42028
17455
58421
50232
17466
1086
50240
50241
17475
50246
42055
9290
1102
9295
58450
58458
42076
9311
25698
1125
25701
1130
1135
58483
58484
9334
17528
9339
50301
25726
17535
42109
17539
50307
17556
42133
50328
25752
25755
50333
58525
17570
42149
50341
33957
1189
50345
9385
9391
42160
50353
33969
33967
33972
25781
25784
33979
33987
9412
1223
58572
17615
1232
17616
1234
25812
1239
9433
17626
50394
58588
42205
58590
58595
58597
1255
1257
50411
34034
50422
17658
9467
50431
25857
58628
17668
34057
42249
25868
50450
42259
1301
25882
25885
50465
9509
50470
17703
58664
17704
58665
42283
25896
1325
34093
17714
9523
25909
34104
50492
1342
17726
25919
8409
1351
9544
50504
1355
58699
34126
17742
50514
25941
1367
25947
25948
50525
58721
25956
34149
58734
17779
9589
9590
58744
9592
58746
1402
25982
1407
42368
1409
9603
58757
42374
9605
25993
17801
17809
42385
42390
42391
34199
1432
17816
42392
42393
34201
42398
34198
26016
9624
58786
50595
1442
1448
17834
34220
42413
1460
34229
50614
26045
42432
9667
26051
26053
58823
26055
26058
50637
34254
42449
9681
58834
26073
26074
1498
1500
1501
1503
42466
1516
1517
26093
17901
17905
34290
58871
34296
26106
26108
42493
34304
50690
17922
42501
42502
26119
50697
17929
50700
34317
34316
58893
1553
50707
1561
9754
26139
17948
50717
34334
9767
50728
26163
42549
17973
26168
9788
58940
1598
58945
34370
26185
58954
26187
50764
1613
17999
9808
18000
18003
58965
50777
58970
34395
26202
1631
18016
50787
58979
1644
34416
58994
1650
26227
34439
59019
26253
26254
59021
1678
26257
9875
42644
26261
42643
18071
18072
9877
18074
42645
1693
9886
18081
9889
50850
26276
59046
50855
18089
18091
1708
26286
34482
18101
9919
1729
18115
34504
1736
1738
42699
34505
50895
34511
9937
59090
34514
59087
42709
18131
50907
42716
1755
9948
59103
1760
34529
42720
59107
18147
42722
1766
50928
18163
1779
1782
1783
34553
1789
59134
59137
34561
1795
42755
26373
59138
18185
59146
34573
59157
59159
34584
18199
50974
59178
42794
42796
50990
18224
42803
50997
59191
59193
26426
42811
34620
34624
51009
18240
1859
18248
1864
26443
1868
26447
26452
10070
51031
1880
10072
42841
18266
10075
59229
34654
18271
26455
26467
34659
42853
42855
1901
34671
59249
59250
18293
1910
26486
26491
42877
18302
59264
10113
18307
34691
59268
10118
59280
1937
59281
10135
1949
10141
18338
42918
42921
51114
34731
26545
18363
59324
42941
18369
1988
1989
42952
59336
34763
51148
59340
26576
34769
18388
34772
18390
42971
18405
42985
10219
26603
42994
34803
51186
42998
18429
34817
26625
10244
2054
18439
26630
34825
26631
43031
59417
26654
18464
34850
43043
59436
34860
51246
51247
34861
59440
59442
26675
59449
59450
34876
26684
10303
18496
18500
59464
51273
59466
51272
43080
51279
2129
2133
10326
26711
10329
18522
59485
10339
26727
59497
51305
26734
51311
10353
2165
10360
59520
2177
10371
18565
59527
43144
34957
10384
51345
43157
51351
18586
51354
18588
34974
51359
34976
26785
10402
59551
2211
2213
59557
34983
51369
26793
34996
51386
59582
51391
35008
51396
26823
59591
18633
26826
10445
43214
35026
26835
18644
26841
26842
2266
43229
59614
26847
2273
35043
59626
43246
43254
26872
35064
35067
51453
59648
2305
51459
59653
2313
35083
18702
35088
59665
43285
10522
35101
18719
18720
10529
2335
10527
10532
18725
26918
35110
26925
51503
51507
26931
10556
51517
2366
18752
43338
2380
51532
59737
51550
26975
2400
26977
51551
26979
59748
51558
51564
10610
51570
2421
10613
51588
18820
18824
10638
51600
51601
2450
10643
51603
35219
35224
27033
10650
27037
43423
10656
27045
35242
59819
18860
51628
51630
2474
2480
51633
35254
10678
51640
35260
10685
10691
51653
51674
35293
10719
27104
59872
43490
35299
59879
59883
27116
43502
10735
2544
2545
51698
59890
59889
18936
35322
35324
43517
43518
18943
2560
2563
43524
51719
35335
43529
35339
35345
18963
27155
27157
18968
18971
27163
27172
18980
51750
27180
10798
2607
59953
43569
18993
35380
51763
43574
51766
10806
51769
10810
2620
43580
2623
59969
35394
2628
2629
2630
51783
51786
35403
27212
51789
10829
35410
43609
2653
10846
19044
19046
35431
43627
51819
10865
2677
35447
27258
2683
51838
27264
51841
35458
10884
19081
43665
10898
51858
2708
27284
43670
10909
10910
19102
43680
10914
43685
35496
2737
10931
2741
51897
51898
10940
35518
43710
43712
27329
19138
10952
27337
51916
10957
35534
2767
27342
19150
27346
27349
51930
2779
43743
19168
19174
51947
35564
51948
35567
10992
2800
19188
27380
10999
51960
51966
51969
27394
43779
19210
43786
27407
11024
2833
19218
43798
35609
43804
35626
43819
27436
11055
2863
11059
27444
27445
19253
35643
2878
11072
43845
2891
19276
27477
19289
35675
11099
2911
35682
52066
11113
27497
43883
35699
52086
11132
43911
11144
43914
35724
43918
2960
35737
52122
35739
27547
2972
43929
35738
52126
19355
35747
11172
43941
52133
11180
2989
27565
2991
19375
35758
19378
35772
3005
52156
19391
35779
19405
19406
27600
27601
3029
3036
19421
3038
11234
27619
19433
59222
35820
27632
19441
44023
27643
44032
35842
3075
11269
19463
52231
52234
11274
27667
11284
19481
35867
52256
27685
11301
44073
3124
19513
52284
19518
35903
52289
35906
35907
44101
35910
35911
52297
19534
19535
3154
11350
11351
11352
19546
11355
52316
52318
35935
11359
3170
11365
27751
11370
27756
19565
52334
52333
27766
44150
19585
35970
19590
44167
52372
3220
52374
3227
27806
36000
52385
11429
11431
52393
11433
11439
44214
27831
36027
36031
52416
3273
44234
3280
19665
11475
52444
19679
52449
44258
27875
11495
19687
3307
19694
11503
19699
11510
52471
27899
36091
19710
36095
52478
3331
52484
44295
11528
3336
11541
27926
44312
3352
44315
52513
11557
11561
27951
36148
3386
44347
11582
3402
19786
27980
27981
44367
44370
36180
3421
27999
19810
11621
52582
11623
44392
19816
11630
28018
3444
3445
11636
28025
52601
3450
3452
36225
11649
11651
36230
36231
19853
44430
52624
28049
11666
19859
28051
19863
28058
52637
44446
52639
19872
11681
19874
36254
3494
19879
11691
19886
52655
3503
36271
11700
52661
28088
52666
28095
28101
36293
44485
19912
52681
36298
52683
28104
44488
19916
44495
52689
36310
36321
19938
52708
19944
36330
36335
28143
52719
52724
19958
3576
52730
28155
19969
3588
36358
11785
36361
19979
11790
44559
44562
28179
36372
36373
36378
44572
52767
28193
36387
28197
52776
11819
3628
28204
44589
3636
3642
36410
36413
28226
36420
11844
52806
28231
52808
28235
28237
36431
11856
28243
11862
20055
44630
28251
3679
11872
20063
36450
44644
52839
44649
28280
36474
36481
28293
20106
11914
36493
36496
36498
52895
36513
44707
11943
44713
52907
11951
3763
52916
52920
44734
28352
20161
11970
36547
28358
52936
36552
3786
28365
52942
3791
36564
20184
44761
44762
44763
20188
28387
20197
20199
52967
3819
20204
20207
36595
28404
36597
44790
3833
12026
28410
3837
36608
52992
3844
3851
53004
53005
44817
3861
36629
28439
53018
36639
28448
36643
44838
36649
28458
28459
53034
12080
12081
3890
36658
36663
12087
12108
3917
53078
3927
3931
44893
36701
12129
53090
20323
53099
44907
36725
20343
53112
12154
3963
12156
44923
28542
20352
53121
3970
44933
20358
28551
3976
53128
44934
12168
53129
20359
20366
20369
3986
28562
3989
3990
44952
53146
53147
12188
12189
44957
44959
53153
28578
44965
28584
44970
53164
12205
28590
53167
12208
12207
44981
28598
36791
28604
36799
4037
53189
12233
53195
20429
53198
53197
53202
20435
45013
36824
28640
20451
53222
4083
45057
53251
36870
36872
4104
36874
4106
53260
20493
53262
12299
12305
45074
20500
12308
20502
20503
12317
36896
4136
4142
45103
53307
12353
45122
53314
12356
36931
4166
28743
53328
53332
28761
28762
4188
4193
36963
28775
12392
45161
53353
28778
53356
28782
20591
20592
45173
12405
28790
28793
4218
36989
20607
4226
4227
20612
20613
28806
20614
53385
12426
53389
28815
4244
28825
28830
53407
12446
4262
45226
45227
28844
53421
20654
53425
4274
53430
28857
28859
45244
53437
4287
4288
53450
12492
45260
37070
28883
20695
37082
28891
20702
20703
12513
37090
4325
20710
45290
20715
20717
53485
4336
45297
37113
20730
4346
37120
53504
4362
28940
4365
37134
12557
4369
45329
53533
28959
12578
53545
37161
12589
20782
20787
53555
28982
28986
28991
20800
28993
28994
20810
20812
29007
53585
45394
45395
4436
12629
20821
29018
53602
12645
45413
37224
53610
4463
4466
53620
45429
4471
45432
37241
29048
53627
12668
53629
37245
53634
53635
29060
20873
12684
29068
53649
53651
29075
4501
53655
37275
53670
53671
29094
29099
45484
4524
20914
53684
45499
45504
12738
4548
45509
29126
4552
45514
53709
4570
29148
37343
37346
29160
12777
20969
20968
4589
37358
20978
12791
4599
29175
45562
12796
4607
37379
37388
45581
4622
21007
4625
29201
21013
37398
29207
29206
53786
53787
21020
29215
37408
12831
4642
4648
21032
12842
29228
21043
37432
53818
53819
45629
29245
37441
45633
53829
21065
45649
21075
53847
53853
45662
21090
21094
45673
53866
21103
29298
12917
4726
4725
12921
4730
4729
29309
37505
37509
29319
21138
45716
12951
37527
53913
4765
53922
45730
53925
45748
12981
53943
45755
29373
12992
29376
12994
45770
4811
4819
21204
4820
21206
53975
4823
21209
29403
53983
21216
29408
53990
21224
29416
21235
37619
45812
29436
29437
4864
13060
21257
13073
29458
29459
29468
37662
4899
21283
21284
37670
29479
13097
4906
21289
45866
21290
29482
13108
21300
37687
13114
37691
29500
37692
29501
37693
37697
21315
45893
37703
29512
4937
29513
21325
37712
21337
45917
29535
4962
29541
37737
29546
29552
45937
45938
29555
54134
13176
37753
13177
4990
54143
29568
21382
45960
37768
21385
54155
13199
45979
5020
13213
21404
37793
5026
54180
37797
5031
29610
54187
37805
46003
54197
37818
29627
21434
13245
46019
46024
21449
46027
37836
13260
21453
21456
54224
54226
5072
29652
46040
37849
37856
13285
5095
21479
5100
29676
29685
5112
13305
54267
37888
21508
46085
21512
37905
5145
21541
46118
5159
54312
46122
21548
21549
21553
46133
37943
5176
37947
37948
37950
5183
13377
5189
21577
46156
21585
13395
46166
37974
29784
5208
29787
29792
29793
21604
54373
54372
13415
46182
5231
5232
5233
21618
29809
13423
5239
13432
5242
46204
5245
5249
29829
21638
13445
5258
21645
13454
38032
38036
13462
29847
29850
46236
38048
5280
38050
54436
38054
5288
29867
5293
5294
13487
46255
38068
46264
46269
54462
21699
13507
29894
38104
5344
5345
46305
21729
38117
5350
46311
13547
38126
21744
13552
13554
13555
38133
38135
38136
38137
21752
21756
29951
29955
54533
13580
13583
5392
21779
21781
38165
29978
13599
29986
13608
46380
21807
5424
30009
5434
13629
46398
5437
13631
21825
13635
46403
30020
21831
21836
54605
46414
21837
54608
46416
38226
21843
30040
46426
30043
13664
21857
46435
54629
21864
13673
21867
54638
46452
30070
38263
38264
30071
54647
21880
30078
5503
21889
38286
21904
21914
54684
38301
38302
38304
5537
30116
5543
30119
54700
13743
30128
46511
46514
5555
5557
21944
38330
30140
21948
21950
38340
30148
21969
5587
38358
30170
30176
38372
38376
21994
54763
54768
5616
46580
13812
54778
38399
5636
13830
46599
5642
54795
5643
46606
46621
30240
30243
38436
22053
38443
5677
22063
54833
54834
5687
46647
22076
13884
46654
54844
46656
46658
5698
22088
13899
38478
22097
38482
38483
54869
54870
5717
46680
54875
30300
22108
13918
13919
54877
30305
38500
30309
38505
22123
54894
13941
46710
30329
5755
46716
54911
13951
38530
22146
5766
38535
30346
30348
5774
13967
38545
22165
22169
5788
30364
38557
54945
30370
46756
46757
38567
38572
46767
38582
54968
54970
46780
46784
14023
5831
5835
22221
38606
38605
5841
14034
14035
5845
5848
22232
55003
46815
30432
5858
38626
55013
22246
30440
22250
46829
55025
30455
55032
38654
38655
22272
14081
46850
55047
38663
5897
55053
38671
46867
5910
30491
22302
14112
14116
38698
55085
38703
22320
30511
14131
30521
46907
46909
30528
5956
46920
22348
14161
14167
14171
55135
22368
38755
46959
38771
14196
55159
55160
22397
46978
22403
55172
55173
30600
55178
38795
38804
38805
46998
22424
55193
55194
55196
22431
14241
6049
55202
14248
55208
47019
40282
47022
14253
30640
47025
30644
14260
30655
55237
6086
47045
30664
14282
6092
30671
55248
55249
14291
38867
14293
38871
38876
14306
14307
38886
14312
6120
30701
6129
47090
38897
47096
6138
47099
47103
22528
14342
14343
47113
55307
22541
30733
6157
14350
22545
38930
47118
6173
22559
55329
47140
22565
55335
55336
6184
47146
30762
6197
22582
22584
55355
6204
55360
38977
22598
30793
55372
6220
22604
14413
47184
38988
38995
22614
47191
6233
47194
22619
6237
55390
30819
55396
22630
39020
39021
14444
47215
55408
14449
6255
30832
55407
39031
39038
30851
39044
22666
30865
14482
47262
47265
6307
47270
6311
47272
47275
39087
30895
30902
55479
30908
39101
14529
39106
55489
14540
22733
55501
47311
30928
30926
47308
22740
14551
55515
14559
22752
30950
47338
55531
14573
30962
14583
22776
47353
39161
47356
47357
47358
39169
14594
47363
14597
6407
14603
55564
14611
6421
55573
39195
47387
31007
55585
55586
14632
14636
55597
31022
6446
14640
6444
22830
55614
55619
6468
22853
14666
47435
47442
14676
14683
47456
6496
14691
22885
47463
39271
31087
47473
6516
47477
39285
31096
39289
22907
55676
22910
14721
14724
55685
14726
22920
39305
39307
6540
22926
14737
31121
39315
39316
31128
39323
14747
47522
14759
31147
47533
39342
6585
14778
22970
22971
14777
22985
55761
55764
22998
6616
39387
31196
14813
14814
6620
31201
14826
6634
6638
14831
6640
55793
6641
14832
31221
39413
14838
6651
39421
31232
6662
14856
6669
23053
47631
47638
39451
55841
31272
31274
23082
6706
14899
39477
55863
55866
39483
31298
6727
31304
39514
55899
31323
47709
55902
31327
31329
39523
23149
47726
14960
55922
31349
6775
6779
14972
31358
14974
55935
23169
6793
47754
23179
55955
31382
23193
39577
31387
6811
15005
6814
6818
39587
55973
31397
15015
23207
55977
23210
31403
15020
39596
47790
39590
47792
6829
15026
23215
39606
6840
6847
39616
56001
23234
6851
39622
6855
47820
31437
23246
6865
56019
15063
15067
6876
56030
6880
15073
31460
15078
23271
56041
31466
23275
47858
39671
6907
15103
23300
23301
23306
23307
15117
39696
47890
6931
56084
6933
39702
15128
56089
47897
47898
39716
23333
47911
31528
15148
15149
6959
15152
15156
6964
47926
31543
23351
31548
56124
56126
15167
56125
15173
15184
23377
47952
39764
23383
15191
56153
39770
39771
47967
7011
7012
15205
15208
15209
23402
7021
47982
39793
23416
23419
39807
23426
15236
39817
31626
23438
56207
7056
48017
7060
15254
56214
15259
39840
48035
23464
39849
39852
15281
56242
31667
48054
23484
15293
23489
39883
31695
23506
23507
31700
48094
7137
23524
31724
39916
31727
39921
15347
39924
39928
15353
15358
56327
39944
7183
39952
23569
56340
31765
39965
56355
48167
23594
56362
39980
23600
7217
48177
31798
7224
56379
31803
31805
39999
15428
15434
31822
7247
31825
48209
15444
7261
48221
40031
56417
23650
7267
56423
56427
7277
23663
23664
31860
31863
48248
7289
7290
31868
40062
7294
23679
40065
7298
40072
31881
48266
23690
7307
15502
56462
48272
15509
48277
23710
56480
7330
15525
15526
23719
23720
40105
40102
31915
40108
48301
48302
15535
40112
23729
7345
7339
40116
48310
48315
31931
23747
40134
15559
15568
56530
31961
48345
31965
15583
23776
56547
31972
48358
15592
7401
31976
15594
48366
40176
48369
56560
15601
31985
7423
15617
7428
56583
15625
56586
48398
32014
7439
56594
56595
23828
48406
56600
40217
56604
48417
15650
23841
40231
15655
48425
56615
48428
56622
32052
7481
56633
32059
32060
48445
32067
23878
40265
23883
23888
32086
23897
56665
48475
56668
15709
23898
32089
15705
7521
40290
7517
48476
7516
15719
7536
23921
40306
40308
56693
7542
32119
15733
40316
56703
56705
32132
32134
15753
48527
40337
56721
7577
32154
15771
32161
32171
48557
15791
40370
7602
56754
15798
7609
15802
15807
48577
7620
15815
56776
56781
40397
32206
48593
56790
15835
15836
32221
32224
56802
7654
32236
15852
40432
15859
15866
7676
56831
15872
40449
40452
24070
24073
56844
24079
15895
48663
24089
15902
7712
40482
56868
15910
15912
56878
7728
56883
40501
7733
24118
7742
32321
7745
15940
48714
24139
32336
7760
24149
32341
15964
7773
24157
56931
56936
7784
48746
40555
15992
32378
15996
56972
48781
7824
32403
48788
24214
32407
16028
40604
32418
16035
48804
7844
7849
48810
24235
40618
7857
7858
40629
57016
16058
57022
40639
24257
7877
57031
7884
57038
32463
40657
16084
16087
32471
32474
57051
32477
57058
16099
24292
48869
48877
16111
57072
16113
57071
24309
48887
7928
40695
32505
32509
40702
24319
7936
32514
40706
16134
32522
40715
57099
16144
40720
40721
7959
48921
7963
48923
24356
32550
24358
16166
48938
32555
24366
24368
48945
7986
32565
24373
7991
24375
16189
40769
32578
32581
8006
16201
40778
16203
8012
8014
16206
24405
16214
16224
57188
16230
16231
24422
40809
32614
40808
32630
32632
32636
16254
8065
57218
49029
40848
57234
16282
32668
57246
49056
57249
40866
40867
49060
49061
8103
16296
16297
49064
16301
16308
49078
24503
40888
8122
32698
40892
16319
49094
8134
57288
16335
40915
24536
40921
57305
57308
57316
24551
57320
24552
16366
40947
57331
32757
24564
32759
8180
8187
8189
49151
