47106
6152
36872
12305
38930
57374
57383
47144
32813
43056
24626
53307
2113
16454
4170
16459
4185
8282
30811
10331
6237
4191
43121
20595
14454
39038
39045
8329
43148
14480
2192
10385
28825
8345
57503
47272
47273
53430
37050
59583
24772
4297
32970
10452
12505
18665
22763
37101
10480
37113
18685
2304
53505
43271
28940
47373
37134
16655
271
2325
45346
10535
14633
6447
16688
22831
4402
22836
22837
12600
20800
18752
26949
43334
51533
39246
59732
12635
55647
37218
29027
57704
16746
51564
51573
33144
53634
8592
16788
22937
37276
27045
57769
2480
55730
436
53687
39364
16837
25032
16843
16848
12753
16851
57811
43485
20957
31201
55789
8685
43502
2545
33267
47603
39411
12794
29179
29180
51711
43520
513
18953
23053
16916
16924
6686
37408
49696
41507
12844
18993
59953
41523
33332
41526
35394
10818
583
35400
21075
27227
57949
49765
19050
43627
47726
33402
55930
12924
51838
8831
27265
31370
14987
25235
53920
31397
29353
39595
2737
37553
8885
6838
6840
17081
17083
31420
41662
39616
31429
31431
10954
41674
39631
41682
25320
15081
17140
13049
29440
27394
41732
15111
47890
15129
29465
798
25375
6947
52005
47910
2855
25385
15149
39737
25403
45886
21315
6980
17224
843
15183
9043
47955
43867
37724
2911
11113
43883
27500
43885
37749
15236
29573
37770
54155
50065
58267
56220
37800
13227
41900
39853
2990
43954
947
48052
17338
37818
25532
15293
25541
23495
52169
39883
13260
27598
17360
19409
29656
37856
17380
44007
58350
41970
39926
46074
15359
23553
41986
39943
19475
3101
37919
21537
56355
48163
37924
23600
58421
58423
29765
3154
52306
15446
9304
25689
56415
25698
46182
7270
9324
13432
33913
31869
21638
33928
11402
21645
15502
19606
29847
1177
52385
42146
42153
17581
29870
46260
56508
50367
46278
5319
25807
17616
7375
31965
25821
56547
56548
58595
3314
23797
1278
40194
42249
36118
46361
17697
29986
36136
25908
11582
58716
28003
46435
11621
19816
44393
11630
9586
40306
46452
30071
38264
32123
17788
48510
30080
19844
15750
15752
38283
17810
36245
34198
42391
42393
44446
11684
40370
42420
52670
40389
48586
5581
30160
5587
5592
19938
5603
19944
13802
5614
22001
24051
19961
50684
38399
9729
42501
9737
19979
7701
30230
40476
36386
40482
54822
20009
38443
11822
34352
26163
46646
22076
58940
24126
11840
52803
20037
36426
13906
34390
24158
44642
52834
44645
9832
5738
22135
56952
24186
54911
38534
38541
46734
36496
26257
24214
52889
26269
18081
3748
30372
46756
3755
18091
20143
5809
57013
38582
38584
54970
20161
48835
32457
32463
14032
36562
24275
40666
32477
7903
32481
52964
20197
55019
5869
57071
22261
3830
46838
7926
7936
16134
53003
20249
10021
5930
36652
36656
7986
50997
5946
42811
22338
55111
16214
24406
22363
36701
12129
18285
49006
10104
16252
18302
12168
36751
59281
10136
10147
38819
53164
38830
47025
24498
22450
20404
30644
26554
42952
14281
47051
34769
4049
4052
20439
18400
26603
18429
