8194
8195
40965
40967
57352
40975
57361
57364
21
40981
24597
8218
40987
32795
26
49182
40988
57382
16424
57385
8233
16429
49199
24626
16435
57398
57399
24634
41020
8253
16454
24653
16465
85
41046
49243
41051
24672
41074
57466
41082
24700
57468
124
128
49283
16518
41104
8336
49301
153
24736
57510
8360
8361
8366
41136
16562
16563
49335
24762
24763
24765
16581
24778
32975
32977
8408
49369
49370
32988
16605
225
8417
16611
32997
49382
8187
16614
8434
24819
8436
24823
57593
49401
24829
254
8448
261
24838
57606
49419
33037
49429
49432
41242
57630
49446
298
33066
33073
8501
312
24888
49469
33088
8514
325
33095
8526
49487
49491
49494
49498
49499
49500
41310
16740
57700
49510
57704
8558
8562
377
379
8583
57737
16782
8592
41365
57750
24983
57753
49562
8603
24986
411
414
57765
49574
33192
16813
434
33212
33219
57801
16843
57807
49620
49621
25046
25048
33245
41438
33246
57829
489
16875
57836
16879
49648
41470
16896
16897
33283
57859
41477
57863
8714
33295
528
530
57875
8725
8728
540
57886
57887
16932
57895
41516
561
57905
8757
41526
57910
41532
8770
583
25161
8778
57931
25164
49743
8784
25168
25174
603
16988
41566
33386
619
17003
49771
25203
57984
25239
49819
49820
41635
41638
8871
8880
41649
17075
25268
49845
17078
25271
41658
41659
8894
33471
25280
58046
41666
33474
49860
58053
709
706
58058
58059
41674
8909
33484
49881
17114
49884
732
41694
49889
17124
58085
49901
33519
58096
49908
49909
33524
17141
41722
58107
25338
33531
33538
17158
41735
779
41740
33550
17167
49946
58140
802
8996
8997
8999
58155
25387
9007
825
25401
9023
41805
9038
9046
25432
9050
41825
58211
50021
58225
58227
50042
41851
17280
58242
33675
50060
41874
17303
50072
50071
41883
50077
58279
9129
25518
50098
25522
946
58290
25526
41915
958
50112
25539
58314
58319
33744
50129
9174
58335
9187
25573
33765
50154
33777
17401
33786
41981
58368
58372
25604
17414
41996
58387
42004
9242
33822
33823
9248
25634
50210
42022
17448
25642
25644
33844
17461
58421
17463
25656
17465
50234
50235
1087
33861
9290
50252
33869
9295
33873
33883
33893
50284
33907
9334
25726
17535
1153
58498
9348
17542
33932
50319
50324
50328
9368
58525
33951
33952
1184
50341
58535
33960
9385
42154
17578
25778
33972
42165
9402
33980
17597
42172
58561
42181
42183
58567
58572
17616
1234
58588
1253
1257
58610
50419
17656
1273
17658
25851
58623
50431
1283
34052
42244
25868
25874
1301
9493
1308
50460
1311
42273
50465
9509
25898
50479
17713
9525
1340
42301
1342
25919
9537
50502
9544
1356
17742
42320
1363
58714
17761
42339
25955
58734
50544
25970
17779
50547
42357
9590
17788
1407
34175
1409
25986
58754
9605
9608
17806
9616
26002
9622
34199
1432
42393
34201
42396
58786
50595
34215
42413
58800
42420
58814
26053
58822
9674
34252
34257
58834
50648
58842
1503
34275
9702
17900
1516
1518
26093
17905
26097
34296
50681
58877
42493
26114
50690
26119
17929
42506
26123
34314
1553
50707
42516
17939
42523
58910
26149
17962
42539
58930
42558
1600
9802
58954
26190
58968
58970
26202
1628
34395
42590
50780
42594
26212
18022
50790
50791
50792
34411
18029
50798
9837
26224
1650
58994
34421
42619
26236
59008
18052
59013
26250
34443
59019
50826
1678
34448
59026
9875
42644
42656
1702
26285
42671
26293
9922
1736
50889
59083
50895
59096
9945
1756
59103
42720
42719
59107
50922
59114
34540
1774
42740
42742
9975
9976
34553
26362
1789
9987
59139
59147
34573
9998
34576
26385
42774
34583
34584
50974
50975
10016
18208
10019
34600
26424
59193
10044
18238
59206
18248
1866
26443
42835
1876
18266
1883
42845
26463
51041
10081
51043
18282
10092
18287
59250
59254
1915
59259
18307
34694
10118
59270
26506
34702
59279
18323
10135
59288
1949
59295
34731
26540
26545
18360
59325
34750
18365
18369
42952
18376
34765
2004
18388
18393
59356
10206
18398
34786
10215
34799
59378
34803
42998
42999
59386
26624
2051
2054
26631
51209
10251
18453
18455
34847
18464
2083
18471
2093
59437
2095
51247
10290
34867
26679
34874
34876
18496
34881
18499
18500
51274
59466
43084
10327
10328
18522
51305
51311
18546
34931
34934
51322
43134
59520
10371
18567
2196
59541
2200
10393
34969
18587
43167
26785
10402
10406
34983
18601
34986
18613
59583
51392
10447
26833
35026
10458
59614
18663
59626
18668
10478
10480
43254
35063
51450
35067
2303
43269
26896
35089
51472
43282
2325
43286
35101
10527
18719
59683
10535
51501
43310
26925
51506
2359
10555
59716
35140
59718
35147
35148
43342
59737
2398
18782
43367
26988
2417
10610
51571
18806
35192
59768
51592
10638
35218
51603
35224
59804
59808
59809
43428
43434
35246
51635
10679
18873
10681
51643
10685
35263
18880
43455
59840
43460
51653
10694
43468
51664
2522
59872
51681
43490
35299
51680
27104
59890
51698
2549
59896
43517
10754
43528
35339
18964
35352
27172
2599
35368
18988
43569
43573
27192
10810
2620
2623
2625
2628
19013
51787
2635
2638
10837
59990
43613
10849
35428
51819
10865
43638
35447
27258
19067
27261
27264
35458
43652
10887
35470
43665
51858
51871
10914
35495
35496
19112
10923
35502
10928
10929
51893
2741
43709
43710
27328
43716
27337
35533
27346
2775
2782
19168
10979
2788
2789
51943
27368
27371
35567
10992
10999
51960
11007
43779
43784
11023
27408
2833
27407
51988
35606
19225
35612
19233
52011
11059
19252
35635
35640
43833
2891
52044
19276
19279
27471
11091
11092
52066
19299
27497
27501
19317
43898
43907
11144
43912
43914
11148
43918
52117
2969
27546
35740
11169
35747
27561
19370
27565
19378
35768
27581
19397
35783
52170
3029
52184
11226
35809
11234
11241
52205
52211
44023
52217
27643
35842
11274
27658
3083
44047
27665
27667
11283
44052
11287
35863
52250
35866
27683
3108
35881
44073
11315
35892
44084
3130
3132
19518
27716
19525
11337
52302
44111
19535
3154
3158
11351
11352
3170
19554
3173
19559
27751
27756
3193
35963
35970
27795
3220
52372
52374
27799
52376
11416
19611
27806
19617
3233
44196
36005
11439
36020
52406
52411
11457
44228
3273
44234
3274
11475
52449
52456
19694
11510
19702
3323
52478
36095
44295
19737
27936
52513
27944
36146
44339
36148
52534
3390
52548
19781
19783
52551
27981
27984
19792
36180
19803
28000
52578
28003
11620
11621
44391
44392
3442
44408
3450
11649
11651
36228
28036
36231
19848
36232
19850
19853
52629
11671
28058
44446
11686
19883
19886
52655
52656
28088
3514
36291
28101
44485
19912
19917
44498
36307
11732
44502
11737
19932
11741
19938
52707
11765
28155
28162
36359
36361
28170
19982
19984
44564
36373
36372
19991
3608
36378
44572
3625
11822
20015
20017
3636
44599
3642
28219
36419
11844
36420
3658
36431
44630
20056
20063
28255
44642
11876
3695
36463
44659
28275
3704
28280
20092
44669
28285
20103
28296
11913
36493
36495
36498
3735
11935
3745
20130
28334
44734
52926
28352
44736
44739
3783
11978
36557
28365
36564
44763
11998
28387
28388
20199
36584
28399
20213
12022
28409
36610
44808
12045
12046
44817
44818
44819
44821
53018
28448
53024
20267
20279
28471
12089
28482
53062
3917
53076
3931
53096
44907
53112
28543
20358
28551
44938
44947
53141
12183
44956
44957
28578
36775
4012
53165
53167
28592
12207
4018
53172
28597
20405
28606
36799
36801
53189
53190
28617
28619
20435
4052
45015
12255
20453
12265
20461
28657
36849
4083
4095
36872
53269
28697
4128
45089
36899
4137
36910
28736
45122
45125
20554
20568
12380
4188
36968
45161
4208
28793
36989
12415
20607
20612
20614
12423
12426
28811
12429
53392
53393
12438
12443
53415
45227
4269
4273
4274
28849
20670
45248
4288
20677
12487
45255
12492
37070
12499
4309
4325
28906
4333
45298
37107
4346
45314
28936
4362
28940
53517
53523
4373
20759
37144
28953
45340
45343
20769
45346
4389
53551
4402
53555
12610
53585
45394
37203
20818
20821
53593
37224
4456
29034
45421
53620
29048
53627
37245
37251
53640
29065
29067
45456
53649
4498
45462
20891
45484
12725
53687
12728
53691
37307
45499
20930
20931
29128
4552
45514
4560
37330
12769
53730
4586
4589
45549
4593
45560
45562
4605
37381
21001
4622
4636
21020
12831
29220
53800
53807
37425
21047
53818
53821
37441
29254
37450
29259
29262
4686
37457
21075
45653
53857
29289
53866
37494
4728
4729
12922
53882
29319
37511
4747
53903
4752
53905
37521
12947
45716
12946
37527
21156
12967
53931
21172
12987
45755
4797
12993
12995
12998
53958
45769
29396
21216
37605
21235
45815
4861
13060
21255
21264
4888
21273
21277
4894
21281
45859
37670
21288
13097
29482
4906
4913
13105
13108
45881
13114
37691
37692
4923
37689
4929
37701
37703
29513
54098
29522
54101
13144
21337
37724
4957
13149
37729
4962
29541
37737
37739
37742
4976
45938
29555
4980
29557
37751
21369
37753
45959
45960
13198
5009
37784
29595
21404
13212
37797
45990
54190
21425
5042
46003
46001
29629
13253
21449
13260
29647
21456
5076
37856
29666
46051
5093
21479
46058
54256
13303
21500
5120
29714
54295
21537
5155
37924
21549
21553
54326
46144
13377
37955
5189
29766
21576
46162
37974
46168
29787
21604
13415
5223
54379
13420
46189
46190
5231
13427
46201
5241
5242
5245
5246
29824
29829
54406
46216
21645
29845
29847
29850
54428
54433
54438
13480
5288
21672
29869
54452
46265
54462
38089
5325
54478
46290
38105
38110
5343
54495
38117
29927
5351
54510
54511
21743
13555
21752
13568
21760
29955
29956
29967
5392
21781
54550
29975
13594
13602
38181
5424
21812
54580
21817
30010
5437
46399
54592
54595
21828
21833
5456
46417
5458
5461
5474
21859
13670
54638
5487
5491
21876
5495
21880
30083
21892
38286
13710
21904
46490
5531
54684
38301
5534
5537
38305
54692
13732
5544
30124
54700
30128
46514
38330
38335
5569
30148
5574
30155
30160
30165
46553
46555
38372
38374
54759
38376
13803
46572
13808
22001
38386
13811
13812
38389
22018
46598
22034
46621
30248
38443
5677
5679
22063
54834
46653
5695
30272
22087
22088
13899
46672
54865
5714
22099
13909
54870
54871
38488
5717
13915
38500
38505
13930
22135
30329
5755
46716
54909
30333
54918
38541
5774
5775
38550
22167
30360
54937
46744
38557
46751
54953
54968
22203
22207
46787
22211
5831
30415
54992
14034
5845
55003
55004
22245
30440
22256
55024
14066
5876
55029
55028
22261
46841
22268
38654
38655
46850
46859
14091
55053
30485
46871
22300
55068
55075
38703
30521
46907
46908
55104
14144
46912
22336
5956
46922
46930
38739
46932
14168
38745
22368
38755
14184
22389
22396
30593
46978
55173
14216
30602
38797
22421
55193
55194
38819
47015
30633
38831
38836
47033
47035
22460
30655
22464
6082
22467
14278
14282
38864
38867
38868
14291
22489
6107
47075
6115
14313
47090
47096
30716
55295
22528
14338
14342
38919
47113
55306
55307
22545
38930
30747
6173
47146
14379
30762
6197
14395
6204
22593
38977
38978
14407
38988
47181
30797
22607
47184
22611
47191
30818
39017
6255
30832
14449
55410
6262
30838
6268
22653
39046
22663
14472
55434
30865
55446
30875
47260
47275
30904
39107
55498
14540
22733
6351
6355
47317
14559
55520
30950
6380
14573
6385
30962
39158
6393
6395
39169
6417
6421
31000
6426
39195
47388
47403
14640
22834
14644
47413
22836
6457
6468
14669
39246
14676
47445
6496
47456
6502
55654
47464
47473
47477
47483
22910
55682
31107
39298
14722
31111
22919
39304
6540
22925
22926
22927
39311
55697
22935
31129
55705
14747
55708
47522
14757
47534
6575
55729
6583
22970
47547
55753
55761
39379
47572
6612
55764
31191
31188
47580
39390
23011
23015
6634
6640
39411
14838
6648
47619
31244
47643
39458
39459
6697
31274
6699
39474
55871
47682
55881
23117
31320
31323
6747
55902
31327
23137
31329
31331
47716
39530
47726
14958
14965
55927
6775
14972
55934
55935
23169
23174
31384
31387
31391
6818
31396
15014
23207
55977
31403
15021
6832
39603
47795
47803
23228
39613
6849
23241
47825
15057
31449
23271
31466
39661
47867
56067
15112
23306
23307
15117
39697
15122
15124
6933
15126
39702
15128
6938
39710
31519
6947
15140
39716
39718
15147
23344
6964
6969
23354
15173
15176
31567
47955
39764
23380
23386
39771
39773
31582
15205
39788
7021
31603
39795
7030
31613
56191
48005
56202
48011
7054
15246
31636
7060
39849
39852
23472
56242
31668
48052
15287
23480
31672
39882
31694
7120
23507
48094
56292
23527
23530
31724
48110
23549
15367
39945
39952
48145
31762
31771
7197
15396
48166
48167
7208
56362
23600
56369
31805
15427
7236
48197
31813
31822
23631
15440
40019
48225
48228
31849
7274
15467
7277
15475
48248
7291
31868
31869
15485
40064
7298
48260
7305
31881
15500
48269
15502
48272
15504
40083
23704
40089
56476
23711
15520
23720
31915
23729
7349
40117
48315
15550
23743
56514
23749
40138
48334
40147
56534
31961
31963
15580
15585
56547
31972
23781
23797
40185
40187
7428
32024
48409
56604
48428
56622
40242
15666
23888
32081
7506
15705
23899
7516
40285
15709
7518
7517
32099
23920
40306
23925
7542
15733
23937
15746
48521
40329
48535
15771
48542
56737
48548
23974
32171
56750
7600
7602
40370
7605
15807
32194
56776
32206
24017
15825
56787
24022
56790
15836
32224
32225
15844
24040
7659
56812
40447
32273
32277
48663
40472
32287
56868
48677
7718
24108
48684
32312
24126
7751
24139
32341
32344
24157
56926
48735
48740
56932
15975
7784
32364
24177
32369
40563
32373
15997
24193
56962
24195
56963
32393
7820
56972
48781
56975
40594
32403
56981
16031
48801
32418
7844
7847
24235
48816
57009
32435
7866
32446
16065
32464
7888
40661
7895
32471
32474
57051
40668
32477
57053
24290
40675
32484
24293
24309
7928
57082
57083
24314
16125
40702
32511
57088
57090
40709
24325
48904
16144
57105
7953
16145
16146
7959
48923
40733
48930
24356
7974
48941
24366
48952
57150
32575
8005
32581
16203
24405
48989
57187
57188
16229
8039
24423
32617
24425
32616
40814
32630
24439
16247
24442
49018
32652
16272
16276
57239
49051
57246
49056
57249
49059
49060
8101
16294
24498
16308
40891
49083
57282
24517
24518
8140
16335
32722
49108
24533
16345
24546
40930
57316
8164
32754
40947
57333
32757
24571
