18432
28677
49162
49168
45074
12308
26644
49176
30747
30750
12319
22559
34850
45091
2084
8228
20524
51247
18482
24626
12340
8245
50
55351
57400
41011
32826
24635
10299
61
8253
57407
36924
22593
2113
43075
22595
57413
53319
14407
18507
30797
41040
59475
53333
34905
28762
53340
22620
57436
32861
28773
36966
22631
36968
41066
10351
20595
45174
14456
18553
12415
128
41091
6277
53394
16531
32914
10391
8343
32921
28823
47259
59547
34969
18595
37027
30884
39081
10410
26793
4268
174
22704
57522
45236
30901
59579
6332
35005
47291
14691
6339
59591
4297
18633
10447
10450
35026
8408
51417
8412
53471
2274
16611
4331
22763
4333
14573
49393
39158
12536
35065
51449
51456
39169
2308
43271
14603
2319
4369
30994
53523
39185
55573
57622
57623
24858
57626
45340
35101
18719
18720
49443
47396
14633
47403
49454
20782
14640
22834
24883
31030
4407
12600
18744
18752
51533
35151
41296
18768
31062
16733
24926
55648
33120
2401
57699
16738
20832
49510
12647
57704
47463
47464
363
47467
37227
4464
29042
49522
16760
33144
377
37243
22910
16767
12672
45439
10626
51588
51592
8585
18825
43408
57747
14742
27031
45462
10646
2454
14747
53662
8606
20896
49569
16802
2469
14762
12715
31147
18860
33204
18870
53687
25016
51641
18873
12728
57788
18880
22980
57800
22989
27088
49622
39384
35290
57820
29148
51681
55783
14824
51696
2545
18936
12793
45563
6651
29180
41470
29183
31232
18943
6659
57859
521
35338
10762
37388
51725
51731
14869
10777
12826
29211
21020
31272
45617
39474
14899
33331
16951
6715
10290
43585
59970
10818
21057
53829
8775
2635
59984
25168
53843
45657
41566
59999
23137
12899
47718
45671
617
17001
21100
14965
43638
12921
55930
10875
41598
35458
35461
2693
41614
43663
43664
37522
51867
51868
43678
49822
58016
45730
58022
6823
45737
35502
8880
47795
21176
33465
47803
45756
29376
58053
12997
31431
35530
27339
51917
13005
47830
33497
51933
10974
21216
8929
31460
2791
56048
13049
41722
54011
19196
4861
54015
13058
41731
51973
45829
45834
33547
29461
6933
19222
35609
56093
21281
8996
15140
11045
13097
43819
29484
21293
15150
11055
23344
31534
56116
6965
11065
6969
23354
37689
11074
45891
54084
15173
29508
19272
33609
4937
45902
17231
37712
52052
11092
58198
52056
31580
4960
27491
23402
54123
11118
37749
11125
37751
15226
47995
39808
45959
43912
5003
7056
48019
45972
52117
9109
13204
7062
31636
20536
50076
21404
13212
11169
39842
25508
48036
54181
48038
48043
43951
31665
50098
9141
41914
27578
25532
29629
21434
19391
5061
31686
967
29643
48076
19407
52176
7121
15314
21458
52180
58324
29653
31700
52184
11226
58335
13279
56287
25570
19427
44007
5095
15335
56300
27629
37872
3059
39926
33784
1016
39928
58364
41981
9214
3081
23563
29711
39953
48152
52250
56347
54299
17437
21537
35876
15396
39976
31789
5165
19505
11315
23604
58421
54326
5176
50235
1085
35910
25672
33865
50250
50252
9295
19539
37974
58455
46168
52314
33883
9311
11360
21601
5219
40036
7272
15467
13420
27756
50286
21615
5232
21617
19570
15475
38012
52348
17532
48253
40065
44164
7301
46217
35978
48266
15502
15505
40083
38035
5276
35997
52383
38048
52386
31908
36006
29864
29865
31915
56492
29869
15535
54450
54452
40117
52409
54459
36027
15556
44228
42185
11465
3273
50381
56527
19665
1234
13524
27861
38105
5338
58588
36061
54494
38116
38117
17643
21740
25838
23801
5371
54526
58623
21760
54528
40194
36098
17668
50435
9479
1290
5388
25868
1295
36112
23826
38163
25877
38166
42266
9499
42270
42273
17697
1318
19751
32827
40242
25908
21812
52534
52532
58682
50491
32060
5437
11582
46399
42304
44353
46398
40259
21828
19781
25927
56648
23880
3402
32076
54605
46414
54610
30041
40281
19805
58717
17757
9567
17761
5474
11619
11620
40300
11629
42350
5487
46450
21876
52597
7542
32123
36225
15752
1417
19850
52618
58768
23953
56722
17810
15763
5520
50576
42391
28055
1432
19865
19864
11681
21928
7596
56750
54705
42419
26037
5558
3510
46519
30142
54722
26051
7620
7621
32200
19912
19917
30160
42449
36307
5587
50645
24022
44502
46555
9692
34270
38368
54755
15844
38374
38375
42474
17900
7661
28143
48629
22009
42490
50681
54778
26111
36352
38401
28162
44548
42501
30216
9737
42506
30219
34317
54806
15898
13856
17954
46627
48677
26151
3625
38443
24108
17964
11823
38448
36401
20017
40499
36404
11825
26168
36410
46653
50752
1600
56899
34371
32325
36419
20037
54856
5707
15949
36431
36432
54865
48721
7764
50773
18004
30297
58970
13915
40540
1628
11868
54877
42585
30305
52834
26215
56936
13927
32364
50798
18037
32373
44667
44669
22141
54911
42624
5761
20103
9875
24214
28314
54945
20130
46754
30372
46757
18087
38567
5801
38572
26285
1714
28340
57013
20151
36536
59065
59070
14016
16065
14018
48835
54978
14023
32457
46793
42699
18125
3791
30415
24278
7898
32477
46815
1760
20194
7909
57065
38637
57069
16111
28399
57071
38645
42742
26362
24314
48893
46846
50941
7933
52991
36610
59139
40709
36615
32522
32523
40721
26389
34582
20249
22300
44829
22303
22306
32550
3878
46890
18231
12089
46907
34624
36673
22338
55104
8006
1867
36684
48978
32595
46932
12118
14167
53078
34646
48982
26456
42844
44893
8027
40802
57187
51045
14184
30569
44907
36717
16240
12148
12149
44920
53115
59259
3964
3967
12164
14216
57229
34702
44947
42902
16281
55194
55193
32668
44959
53160
12205
38835
26549
18363
42941
26559
16319
24515
34758
30664
1993
24520
47051
45003
28621
38864
55248
38867
45014
30678
38875
30684
28640
51170
53224
42988
36846
24558
20463
10226
30711
18425
4090
8189
6142
