8194
40965
8197
32775
24584
49167
8208
16405
24597
57367
49176
8218
40986
24606
8223
8230
32813
41008
24626
24628
16441
57407
24646
24649
87
8280
32864
8289
49252
57448
8309
16502
128
8326
32904
49301
57497
32922
24736
57509
41128
49326
57518
57520
49335
41147
32967
205
57549
32997
24806
41197
8431
24819
57588
57593
254
49407
8459
49428
281
24861
49439
33060
8488
24884
16698
33083
24906
8531
41300
41299
8544
49510
57704
8556
16749
41326
57722
8592
57744
405
8598
24987
16798
57760
24993
16805
16813
41392
434
25016
442
49605
25032
49612
49613
41430
25046
33254
41447
49640
500
33272
33277
16897
25091
41477
41489
57874
57875
57876
57878
8734
16927
41507
549
16943
8753
57907
49717
41532
575
8770
25158
49739
57931
25178
606
8805
17011
49792
49794
8838
647
49822
33438
41638
58024
25261
58032
25265
8880
41649
25268
58036
58047
33474
41682
41694
739
17124
58088
49909
58102
41722
58107
8958
49919
33537
774
58120
779
49937
41751
791
8996
49957
8999
810
17195
41781
49978
33603
17224
49996
9038
848
25432
9050
50015
17259
58225
33650
58233
50042
41851
17279
58242
17285
904
50059
41872
58258
33693
50077
25508
58278
50089
41903
33716
25526
50104
58307
41923
25539
17347
17356
33744
41950
58335
9187
33765
17381
41960
17386
25584
9201
17395
50165
9211
9213
25602
25607
33800
9227
17430
9239
58391
17437
33823
9249
42024
58421
17461
50232
50240
42051
42065
33873
9302
25689
25693
9311
17507
1129
33898
33901
1135
9327
9335
17528
33913
1146
42109
9348
50314
42123
25740
58526
1184
17576
42160
58545
25783
1210
9402
50367
50384
58603
50412
42221
17643
17648
9458
1273
34046
25856
42244
1287
58631
25872
17690
9500
34079
58656
9510
25898
1325
34095
34104
50492
50493
58690
50502
1351
42311
58699
42320
17749
58713
50523
9581
50544
50547
58751
25986
1410
9606
58763
26000
42390
42391
1432
58782
42403
17828
34215
26029
42415
58802
17845
26041
17856
9674
1484
34257
26068
17877
9705
17900
26093
1518
1538
1541
1545
1546
9737
42523
1563
1567
50720
58914
1570
26149
26153
17966
50744
42572
26191
18000
42577
42580
58965
58970
1628
42590
1633
50788
42597
9829
9837
42619
18046
9856
42630
18066
9875
42644
26266
9889
34470
59047
18088
9901
42671
34491
59075
9936
59090
50910
34538
59114
59118
42740
59124
1783
26370
34570
34580
1815
18208
34595
59194
34624
51013
26452
1877
34650
10076
59229
10087
1896
59241
1903
10096
34679
34694
1927
18318
51091
42911
59295
51111
59305
10154
42921
59312
18353
1974
18360
51129
18363
59325
51136
2000
59359
59362
34786
42984
26603
34799
2038
59386
51196
18428
26620
2049
51208
18442
59403
34835
10260
43031
43034
51233
18471
26665
18474
51244
59436
2094
59437
18487
43064
10298
26682
34888
34890
34892
43089
2130
34897
51295
59489
2154
26733
26737
18555
26750
43135
43134
51330
43147
51346
43156
2200
59548
26783
18595
26788
10406
43175
51369
59565
26805
2232
18618
2237
59584
26819
18629
18633
35025
2258
2261
51414
35039
18665
59631
35061
35063
10495
59652
35089
10522
26906
35101
2335
18720
43305
51503
2354
2359
2368
26949
26955
18763
59763
35192
59773
27008
51588
35206
18833
59804
10653
35233
27044
18852
10661
35238
51630
59822
35254
18879
27074
43460
27076
18911
2529
51699
51706
18953
51722
10770
27155
18964
51736
35353
43560
2620
19006
59970
51780
19013
43593
51786
2638
10834
2655
59999
10849
27258
19067
10879
19073
10888
27273
10902
27287
2713
2720
27297
43685
19109
51888
10929
19125
51909
51913
19152
27352
35546
19168
19171
10979
43766
10999
51971
27397
2827
27408
2833
19225
43810
27432
43819
11055
52020
52021
11062
2868
35640
2876
19271
43867
19299
43877
2917
11117
43890
35701
43895
19320
11134
27518
43907
35716
11144
52117
52129
11173
2981
19367
2984
19370
35768
35773
43966
11198
52164
3015
27600
35793
35798
52187
35805
19423
11232
3044
19431
3053
19445
52217
27652
19463
44052
19485
19488
35876
35881
44074
27701
27709
35901
52289
19525
35910
11336
52304
3154
44117
3158
11351
11352
11353
19546
52316
44129
19558
11388
52348
44161
11399
27786
19599
11409
11418
44186
19611
27813
27814
52390
52393
19636
44222
19658
44234
27862
3312
44273
19702
52471
52489
52492
36118
36131
27944
19754
44332
19763
52534
3388
52545
52548
27973
52553
19786
11596
52559
44371
27997
11616
19815
11629
44398
36225
44422
19850
11661
36240
3478
36247
28058
52637
44458
19883
19887
19893
3510
52666
11714
36291
52677
11729
11732
11741
11749
3562
3563
28143
19960
19961
11770
52740
28168
19982
44562
44566
3608
19996
28196
52776
20009
44588
3634
11835
28234
52811
52815
28243
28257
36450
11885
28269
20082
44659
28283
28296
11913
11914
36492
11919
36496
28310
28315
11940
36531
3768
52925
36552
44754
44755
20187
20188
11999
3819
28397
36590
3824
20216
28409
28410
53003
12047
3860
20253
44838
44840
36648
20279
20291
44892
53097
53100
44909
28528
12149
53112
28539
36737
20356
53126
20362
3980
20366
53143
53145
44958
36768
4012
44977
20404
20420
28617
4045
4049
20439
28638
20449
53226
36843
36856
12291
36875
28689
45074
4128
12326
4137
20527
45107
28736
45122
45123
45128
28745
36951
28762
12392
45170
4217
12415
4228
20614
45200
28817
53397
45208
28830
4262
12456
45227
4288
45249
28872
4297
28873
12499
37078
12505
53482
37101
37102
45294
12537
4345
4351
37124
37127
45319
12556
12557
45342
45348
20785
4402
45365
12597
28986
4415
37186
4419
53585
20818
45395
45421
4463
45425
4466
29047
4477
12673
12678
4502
53664
12728
20935
20937
45514
12747
53721
29148
20958
37349
12782
53742
20976
4593
12794
29185
45576
12811
45584
4625
37394
4631
37401
37410
29228
53804
29231
53812
21047
4665
53821
45629
53823
45636
29254
45645
37460
4693
37463
4695
29289
12921
29305
37511
12936
12935
29323
37521
12947
53908
53920
29344
45728
12967
29357
4806
4810
53966
13006
4817
53975
37599
4838
4842
29419
21230
13038
29430
4873
21258
45837
37647
54042
4894
4904
13097
54062
13102
45871
13112
4922
4923
45886
37695
21312
45894
4937
37706
37712
4946
45907
21331
37717
37720
29533
45937
54132
4980
29557
4983
21366
37753
4989
5009
21394
54162
13213
5024
13219
21411
45990
46004
37812
13238
29625
21434
37821
13253
37830
13258
13260
21456
29656
5081
37849
13293
21491
21494
5111
5120
13313
5132
46092
13327
13332
46111
54305
37926
54315
21552
37945
13373
37952
21576
37974
13400
37978
21596
5223
46189
13427
21642
29835
13464
13469
38048
29857
46241
5281
54439
13494
29878
46265
13499
54481
46290
46298
54491
38110
5344
38117
13542
29927
13548
54522
13575
38153
29967
38168
5400
38181
29994
54574
13617
54585
46395
46398
54596
46406
38250
54651
5500
30080
30094
38286
5521
5531
38303
13732
54705
30138
38330
46529
30148
46532
5574
38344
30156
21969
54740
21975
5592
54748
13802
5614
13808
38389
22018
54789
54805
38423
38436
54822
30248
22057
38443
38448
54838
13884
54846
5702
22099
46679
38488
46682
54877
5727
22119
13930
54901
30331
54908
38530
54921
30360
46746
5788
54945
46758
38567
38572
22191
54962
46780
22207
46784
30403
30409
54987
14034
30429
38624
30432
55012
22245
30440
5870
46831
55024
5874
5876
38646
46838
55033
55037
55045
30476
30485
55061
55063
46871
5914
46877
22324
30521
46907
30529
5956
38725
55110
14153
38730
22350
30547
30560
30570
14199
30585
22399
22403
14214
22427
22444
22447
47026
30643
30645
55234
22467
6086
30664
14281
55248
22489
55257
6107
47073
38884
38886
14312
14313
55276
47096
14331
6145
38919
47118
38928
30747
22559
14379
47147
6200
38977
6210
30811
22640
30832
55410
14454
30838
14455
39037
6270
47234
39049
22665
14490
22700
14519
30904
39103
6338
30915
47300
22728
6355
55514
30940
22752
22756
30954
55531
39146
39154
22783
39169
47361
30984
22800
55580
55595
14644
47416
6457
55615
31040
39232
6468
55621
14666
6477
47451
6491
6493
47456
14691
14703
55683
14724
31111
22925
39315
39316
39320
22937
6563
31147
39350
31161
47547
31171
31176
22990
47568
39379
47571
55765
14807
31191
47585
23010
47603
39411
31225
6651
47612
31232
14856
31244
23058
55839
31265
31272
14891
6704
14899
23096
47675
31291
6715
23099
47682
55876
39500
47694
31317
47713
55916
47726
14968
55934
55935
14976
23169
23167
55945
47754
14986
15003
39586
39587
31397
6832
47792
55984
6838
55995
6844
47810
31429
23241
47819
56012
56022
15063
23263
47849
6905
15101
47878
15111
23303
39697
31507
31509
23324
6947
23351
47937
23363
6980
23378
56153
23403
39788
31603
39800
48004
31634
23443
48028
31644
23464
48043
48052
31672
23484
23485
7100
7108
7110
56262
23500
56273
56277
48087
7138
39906
23525
31718
39923
48123
31742
48130
23569
31762
39961
15388
56355
15396
56358
15409
48183
15417
7230
31812
48197
31817
15447
31834
7291
40063
31872
15490
48266
48267
7312
31891
48277
23704
31898
23711
31910
7342
15535
40112
56510
7362
56514
15560
7375
31953
15574
31961
15579
7394
56547
15608
56570
56571
23813
48390
15625
32021
15637
56600
48409
32026
23835
40220
56609
40229
15675
23875
7509
40282
23899
40285
40287
56672
40289
15719
23916
15746
15750
32138
15763
7573
32154
7580
48546
40370
7605
40374
7621
7637
56791
48600
32232
32235
56812
24045
48622
15859
7673
32256
7694
7707
40476
56872
56885
24119
7740
40516
48709
7751
15949
40538
56926
48740
56934
32369
7795
15994
7803
48762
48765
56962
7812
7818
56975
7827
24214
16028
48801
32418
7845
32437
40629
7872
24257
32453
24262
7877
16076
32464
7889
40658
32481
16098
40675
24293
16106
57071
40688
48885
40694
40702
57112
32550
7974
48938
57131
32555
16214
48990
8031
40805
8038
32616
40809
32619
32627
16247
8058
24444
32638
57224
24457
57229
16276
16280
57241
32668
32669
16290
8101
24488
8105
32682
24495
16308
24503
49081
49083
8124
8128
8140
32722
16345
16357
24552
16366
24571
8191
