59392
14337
47106
24579
2049
40975
45074
10260
6169
57374
22559
8223
4128
10289
24626
43059
38962
30773
6200
26682
8252
49217
45122
22595
57414
20551
2121
16457
38986
4170
16465
41042
28762
39004
18527
47201
12389
32874
108
26733
55409
43121
20595
34934
14455
20602
43134
10366
128
39041
22657
39045
59527
43144
22665
34953
10379
43148
142
45200
53393
12438
51351
24732
14495
32927
43176
41129
32936
32939
8361
10412
57518
26793
45234
18618
39103
10432
59583
59587
37060
8391
32967
51403
57549
22733
32977
8403
43220
2261
28890
49376
59616
8419
37092
39146
22764
6380
35054
37102
4336
35058
24819
57588
22776
57593
6393
4346
43261
254
43263
20737
39169
18693
41225
12556
35091
45333
4373
24860
49439
2335
24865
45343
18720
53542
26919
12586
57644
26925
31021
24880
55602
6451
33082
31035
28988
6473
49482
12619
12621
43342
47441
338
51542
6493
2398
16739
14691
57704
16746
18797
49520
18801
4466
39289
22906
53627
59773
41346
55683
31110
53640
29065
37260
39316
41365
39318
2462
49572
16805
35238
12710
14331
16810
59818
35244
35250
39350
12726
41398
441
442
33212
59839
29124
4551
31176
25032
25034
14796
43468
53710
16849
4561
37338
39387
59870
29151
8670
37346
23011
51685
49641
20970
31213
33261
16879
55793
2545
31221
53754
6651
508
16897
47619
18951
45576
18953
59914
8714
31244
27148
6668
4625
57874
10770
47636
29207
37401
35353
25117
8734
37410
16930
549
31272
23082
23084
16943
4656
562
57907
53812
41523
59960
25147
2620
4669
19006
23103
45636
53829
57931
39500
2635
21068
55887
33356
39503
57934
25164
21069
4693
37464
21085
43613
59999
14944
21092
53865
10862
31343
47726
43633
17011
2677
37494
51831
25209
12924
8828
23167
55935
23169
35457
6787
23170
35458
10880
45698
10888
12937
14986
53899
25223
33413
23190
33438
49822
45728
37537
39586
39587
43684
35495
55976
35498
53930
35502
55984
49841
58036
10933
19134
12993
25282
51909
49861
23241
17100
29396
33497
47838
8927
25310
47841
45793
13028
37605
13038
29423
41713
43766
27382
47867
8958
11007
49922
8964
47878
774
43784
54029
15124
791
19225
54042
37657
4894
8996
13097
13102
11055
23344
2868
821
23351
45886
37694
33603
25411
37701
19271
17223
4937
39755
4942
4946
54098
4957
15198
7013
15208
37741
37743
39792
13167
21364
41851
27518
9091
17285
43914
11149
13198
5009
58258
23443
43923
31640
29605
58278
19367
56232
37800
19370
39848
41900
35758
48047
33712
56240
43954
50097
39860
37812
25526
35766
54202
52154
52156
27583
9152
56257
54211
25539
56262
5074
31700
35798
5079
31703
5081
52187
58335
17378
29670
5095
56299
9201
44017
46073
48123
31742
5120
58368
58375
46092
41996
13331
35863
33820
17437
33822
19488
5154
54308
7208
21553
17461
50232
35901
23616
48197
35910
37957
35914
7244
33873
58460
27748
48230
56425
13423
35960
38013
40063
15490
35970
48258
11399
11402
48267
25740
31885
21645
3213
40081
38048
56480
58530
44194
36005
50343
17576
58535
17579
31915
29869
5293
15535
58544
7349
29878
13499
56510
11455
9409
13506
7365
50373
46278
33992
36041
44234
17616
19665
34008
31961
46300
21726
56547
1252
38117
34023
23792
44273
9458
50419
3314
52471
31992
1273
38136
19705
3323
58623
42244
34052
29965
19731
36118
23833
23835
40220
34079
38181
36136
25898
40235
25903
36144
17713
48444
36156
50495
17727
52545
44353
54596
15692
52559
38223
54611
32088
54617
23898
17758
25951
9567
3425
34146
44383
9572
38250
21867
1389
50547
32118
48502
38268
36225
30083
19844
40326
17801
17804
48527
17807
42390
42391
15767
42393
5531
52637
38303
26016
44447
48546
17828
26029
54708
52666
23995
13756
15805
30148
52677
38340
30149
30156
26064
11728
11741
21986
3558
38375
24040
56812
1518
17905
11770
50684
9729
52740
1541
54789
58887
50694
19979
34317
7701
1557
40471
46614
1563
30237
32287
52776
40506
42556
30272
26178
15943
28243
28245
46679
58970
54877
20062
5727
48735
1637
13926
13931
26220
28269
3694
15981
36463
32369
24175
44659
9843
24181
42618
30333
40574
20097
7812
24198
59016
42635
36492
38540
5775
32400
59025
34448
59026
5776
24214
26266
5788
22173
20126
20128
54945
9889
28323
11940
9892
38567
1708
9901
34478
54957
9902
36531
28340
3765
34491
36540
59073
7878
46792
32456
22216
16076
52940
52942
32464
59090
11987
11998
30432
3809
42720
52964
48869
12009
16106
32490
28397
5870
5869
3824
12014
5876
22261
34548
9975
3837
30462
7942
48904
32525
5902
55055
12048
22290
16149
26390
18208
32550
26410
24373
34624
22336
55104
20291
53063
14153
28491
26444
22350
26452
40792
55135
20320
53095
40809
59241
32618
53100
53097
30571
18285
12145
42867
22389
36725
34679
24439
3963
18302
14214
26503
22408
30602
18317
57241
55194
24475
32668
6046
59295
36768
59297
40866
36770
44965
8103
12200
22444
36785
16308
38837
34743
18363
40892
16319
1985
24514
32709
6086
30664
28617
57288
53192
16345
40921
2010
18397
32737
40934
42984
12265
51178
28654
2030
2032
6129
47090
2038
4087
24571
