32775
11
17
21
26
32795
30
37
32813
50
32826
32827
61
68
32853
85
87
32856
32861
32864
103
32874
108
124
128
130
133
32902
32904
32906
142
32914
32921
153
32922
32927
32936
171
32939
174
32946
32948
183
32956
32967
32970
205
32975
209
32977
212
32983
32984
32985
32988
32989
225
32997
238
33010
244
33013
250
254
255
33025
33029
261
33037
271
272
275
281
292
33060
298
33066
33070
304
33073
33077
33080
312
33082
315
33083
319
33088
321
325
33094
33095
33096
330
33101
338
33120
363
33132
367
33135
33140
373
33142
33144
377
376
379
386
33157
33158
392
405
33173
411
414
419
33188
33192
433
434
435
436
33204
441
442
33212
33215
33219
33225
33228
468
469
33245
33246
483
33254
487
489
33259
33261
33262
495
33267
500
33272
508
33277
513
33283
516
521
33291
33295
528
530
33301
539
540
549
33319
557
560
561
562
33331
33332
565
33333
569
575
583
585
33356
33363
33364
33368
602
33371
604
603
606
33375
33380
617
33386
619
624
33394
631
33402
33409
33413
646
647
652
33426
33431
33436
33438
33443
689
695
33465
33471
33472
705
706
33474
709
33484
720
33495
33496
33497
732
33503
33506
739
33510
742
744
33518
33519
33521
33524
33531
764
33535
33537
33538
771
772
774
775
33547
779
33550
33557
791
33562
798
802
806
810
811
816
821
33591
823
825
827
829
33603
33605
839
840
33609
842
843
33611
33614
848
33618
33621
854
857
33634
33638
33639
33644
880
33650
891
903
904
33675
33683
921
33693
33710
33712
946
947
33716
33725
958
963
967
33736
33739
33741
33744
33749
989
990
991
33765
33777
33780
33781
33784
1016
33786
33800
33801
33806
33809
33811
1043
33817
33818
33820
1054
33822
33823
33832
1067
1074
33844
33846
1085
1086
1087
33861
33865
33869
1102
33873
33883
1125
33893
1129
33898
1130
33901
1135
33907
33913
1146
1147
1153
33928
33932
1177
33951
33952
1184
33957
1189
33960
1196
33967
33969
1203
33972
1210
33979
33980
1217
33987
1221
1223
33992
1225
1231
1232
1234
1239
34008
1252
1253
1255
34024
1257
34023
34034
1273
1278
34046
1283
34052
1287
34057
1290
1295
1301
1308
1311
34079
1318
1322
1325
34093
34095
34102
34104
34105
1340
1342
34116
1351
1355
1356
1357
34126
1358
34128
1363
34135
1367
34138
34140
1376
34146
34149
34151
1389
34164
1402
34175
1407
1409
1410
1417
1418
1419
34198
34199
1432
34200
34201
1442
34215
1448
34218
34220
1460
34229
1466
1476
34252
1484
34254
34257
1493
1498
1500
1501
34270
1503
34275
1516
1517
1518
34290
34296
1533
34304
1538
1541
1545
34314
1546
34316
34317
1553
34325
1557
1561
1563
34334
1567
1570
34352
1588
1598
1600
34370
34371
1613
1616
1618
34390
34395
1628
1631
1633
1637
34408
34411
1644
34416
1650
34421
34430
34439
34443
1678
34448
34456
1693
34470
1702
34473
1706
1708
34477
34478
1714
34482
34490
34491
1726
1729
34504
1736
1738
34505
34511
1746
34514
1755
1756
1760
34529
1762
1764
1766
34535
34538
34540
1773
1774
1779
34548
1782
1783
34553
1789
1791
34561
1795
34566
34570
34573
34576
34580
34582
34583
34584
1815
34595
1829
34600
1834
34612
1845
34617
34620
34624
1859
1864
1866
1867
1868
1876
1877
34646
1878
1880
34650
1883
1884
34654
34656
34659
1896
1901
34671
1903
1910
34679
1915
34683
34691
34694
1927
1932
34702
1937
1938
34712
1949
1958
34731
1970
1974
34743
34750
1983
1985
1988
1989
34758
1993
34763
1996
34765
1999
2000
34769
34772
2004
2010
34786
2030
34799
2032
34803
2038
34817
2049
2051
34820
2054
34825
34835
34847
34850
2083
2084
34860
34861
34862
2094
2093
2095
34867
34874
34876
2113
34881
34888
2121
34890
34892
2129
2130
34897
2133
34905
2143
2148
2154
34931
2165
34934
34939
2177
2180
34949
34953
34957
2192
2196
2200
34969
34974
34976
2211
34981
2213
34983
34986
2223
34992
34996
2232
35005
2237
35008
35009
35010
35025
35026
2258
35028
2261
2263
2266
35039
2273
2274
35043
35047
35054
35058
35061
35063
35064
35065
2298
2297
35067
2303
2304
2305
2308
2309
2313
35083
2319
35087
2321
35088
35091
35089
2325
35101
2335
35110
2354
2355
2359
2366
2368
35138
35140
35141
2375
2378
35147
2380
35148
35151
35155
2389
35162
35166
2398
2400
2401
2417
2421
35192
2437
35206
2444
2449
35218
2450
35219
2454
35224
2462
35233
2469
35238
35242
2474
35244
35246
2480
35250
35254
2489
35259
35260
35263
35274
35277
35282
35283
35290
2522
2525
35293
2529
35299
35300
35310
2544
2545
2549
35318
35322
35324
2560
2563
35335
35338
35339
2577
35345
35352
35353
35359
2593
2599
35368
2607
35380
35385
2620
2623
2625
35394
2628
2629
2630
35400
35401
2634
2635
2636
35403
2638
35410
2653
2655
35428
35431
2677
2679
35447
2683
35457
35458
35461
2693
35462
35464
35470
2708
2713
2714
2719
2720
35495
35496
35498
35502
2737
2741
35516
35518
2757
35530
35533
2765
35534
2767
2775
35546
2779
2782
35553
2788
2789
2791
35564
35567
2800
2827
2833
35606
35609
35610
35612
2855
35626
2863
35635
2868
2872
35640
35643
2876
2878
35647
35655
35656
35658
2891
35663
35675
2911
35682
2917
35691
2927
35699
35701
35705
2938
35713
2948
35716
35724
2960
2963
35737
2969
35739
35740
2972
35738
35747
2981
35750
2984
35757
2990
2989
2991
35758
2997
35766
35768
35772
3005
35773
35775
3008
35779
35783
3015
35793
3029
35798
3036
35805
3038
35809
3044
3049
35820
3053
3059
35830
35842
3075
3080
3081
3083
35856
3090
35863
3097
35866
35867
3101
35876
3108
35881
3123
35892
3124
3130
35900
3132
35901
3135
35903
35906
35907
35910
35911
35914
35915
3151
3154
3158
35935
3169
3170
3172
3173
3180
35960
3193
35963
3201
35970
35975
35978
3213
3220
3227
35997
36000
3233
36005
36006
36008
3245
36020
36025
36027
36028
36031
3273
3274
36041
3280
36051
36061
3307
3309
3312
3314
36091
3323
36095
36098
3331
3336
36111
36112
36118
3352
36131
36136
36144
36146
36148
3386
3388
36156
3390
3402
36180
3418
3421
36192
3425
3439
3442
3444
3445
3450
3452
36225
36228
36230
36231
36232
36240
36245
3478
36247
36249
36254
3494
3503
36271
3510
3514
3521
36291
36293
36298
36307
36310
36311
36319
36321
3557
3558
36330
3562
3563
36335
36338
3572
3576
36345
36352
3588
36358
36359
36361
3594
36367
36372
36373
3608
36378
36383
36386
36387
3625
3628
36401
3634
36404
3636
36410
3642
36413
3646
3647
36419
3651
36420
36426
3658
36431
36432
3664
3663
3667
3679
36450
3694
3695
36463
36468
36469
3704
36474
3712
36481
3723
36492
36493
36495
36496
3729
36498
36500
3735
36513
3745
3748
3754
3755
3760
3763
36531
3765
36536
3768
3771
36540
3777
36547
3783
36552
3786
36557
3791
36562
36564
3805
3809
36584
3819
36590
3824
36595
36597
3830
3833
3837
36608
36610
3844
36614
36615
3851
3860
3861
36629
36639
36643
3878
36648
36649
36652
3885
36656
3890
36658
36661
36663
36671
36673
3910
36684
3917
36692
36693
3927
3931
36701
36717
36725
36726
3963
3964
3967
36737
3970
3976
3980
36751
3984
3986
36757
3989
3990
36762
36768
36770
4003
36775
4012
36783
36785
4018
4019
36791
36799
36801
4037
4045
36816
4049
4052
36824
36843
36846
36849
4083
4087
36856
4090
4095
4101
36870
36872
4104
36874
36875
4106
36890
36896
4128
36899
36902
4136
4137
4140
36910
4142
4148
4151
36924
36931
4166
4168
4170
4180
36951
4185
36953
4188
4191
4193
36963
4196
36966
36968
4208
4217
4218
36989
4226
4227
4228
4244
37027
4262
4268
4269
4273
4274
4280
37050
4287
4288
37060
4297
37070
4309
37078
4313
37082
37085
37090
37092
4325
4326
37095
4331
37101
4333
37102
37104
4336
37107
37113
4345
4346
4351
37120
37121
37123
37124
37125
37127
4362
4363
37131
4365
37134
4367
4369
4371
4373
37144
4389
37161
37167
4402
4406
4407
4415
37186
4419
4420
37198
37203
4436
4441
37218
37224
4456
37227
4463
4464
4466
37239
4471
37241
37243
37245
4477
4479
37251
37260
4498
37267
4501
4502
37275
37276
4508
37284
4524
4535
37307
37312
4548
4551
4552
37322
4560
4561
37329
37330
37336
4570
37338
37343
37346
37349
4586
4589
37358
4593
37366
4599
4605
4607
37377
37379
37381
37388
4621
4622
4625
37394
4626
37398
4631
37401
4636
37408
37410
4642
4648
4656
37425
4662
37432
4665
4669
37441
37450
4686
37457
37460
4693
37463
4695
37465
37464
4719
4720
37489
4725
4726
37494
4728
4729
4730
37500
37505
37508
37509
37511
4747
4752
37521
37522
37527
4765
37537
37541
37553
4785
37554
4797
37573
4806
4807
37576
4810
4811
37581
4817
4819
4820
4823
37599
37605
4838
4842
37613
37619
37621
4861
4864
37641
4873
37647
4888
37657
37662
37663
4894
4899
37670
4904
4906
37680
4913
37687
37689
4922
4923
37691
37692
37693
37695
37694
4929
37697
4931
37701
37703
4937
37706
4939
4942
37712
4946
37717
37720
37722
37723
37724
4957
4960
37729
4962
37732
37737
37739
4973
37742
37741
4976
37743
4980
37749
37751
4983
37753
4989
4990
37768
37770
5003
5005
5006
5009
37784
5016
5020
5024
37793
5026
37797
5030
5031
37800
37805
5042
37812
5046
37818
37821
5061
37830
37832
37836
5072
5074
5076
5079
5080
5081
37849
37856
5089
5088
5093
5095
5100
37872
37878
5111
5112
37884
5120
37888
5132
37905
37906
37908
37909
5145
37919
5154
5155
37924
37926
5159
5165
37943
5176
5175
37945
37947
37948
37950
5183
37952
37955
5189
37957
37974
5208
37978
5219
37989
5223
37995
5231
5232
5233
5239
5241
5242
38012
5245
5246
38013
5249
5258
5260
38032
38035
38036
5276
38048
5281
5280
38051
38050
38054
5288
5293
5294
38068
38070
5305
5319
38089
5325
5329
38097
5333
38104
38105
5338
38110
5343
5344
5345
38116
38117
5350
5351
38126
5359
5362
38132
38133
38135
38136
38137
5371
38144
38153
5388
5392
38163
38165
38166
38168
5400
38181
5424
5426
5434
5437
38214
38223
5456
5458
38227
38226
5461
5474
38250
5487
5491
5495
38264
38265
38263
5500
38268
5503
38277
5511
38283
5518
38286
5520
5521
5531
38301
38302
5534
38304
38305
5538
5537
38303
5543
5544
5550
5555
5557
5558
38330
38335
5569
38340
5574
38344
5577
5581
5587
38357
38358
5592
38368
5603
38372
38374
38375
38376
5614
5616
38386
38389
38399
38401
5636
5642
38411
5643
38423
38436
38443
5677
5679
38448
5682
5687
5695
5697
5698
5702
5707
38478
38482
38483
5714
5717
38488
38493
5727
5728
38500
38505
5738
38521
5755
5761
38530
38534
38535
5766
38537
38540
38541
38542
5774
5775
38545
5778
38547
5776
38550
5788
38557
38567
5801
38572
5809
38582
38584
5821
5830
5831
5835
38605
38606
5841
5845
5848
5854
38624
5858
38626
5864
5869
38637
5870
5874
5876
38645
38646
38654
38655
5888
5893
38663
5897
5902
38671
5904
5910
5914
38683
38690
5930
38698
38703
5946
38716
5956
38725
38730
5965
38739
38745
38746
38755
38771
38795
38797
38799
38804
38805
38808
6046
6049
38819
38830
38831
38835
38836
38837
38838
6082
6086
38855
6092
38864
38867
38868
38871
38874
38875
6107
38876
6115
38884
38886
6120
6129
38897
6138
6142
6145
6150
38919
6152
6157
6160
38928
38930
38931
6169
6173
6184
6188
6193
38962
38961
6197
6200
38970
6204
6207
38977
38978
6210
38986
6220
38988
38995
6230
6231
6233
39004
6237
6240
39017
39020
39021
6255
6262
39031
39032
6264
6266
39033
6268
39037
39038
6270
39041
39044
39045
6277
39046
39049
6307
6311
39081
6314
39085
39087
6332
39101
39103
39106
6339
39107
39109
6338
6351
6355
6362
39134
6369
39146
6380
6385
39154
39158
39161
6393
6395
39169
6407
39176
39179
39185
6417
6421
39193
6426
39195
6429
39198
39207
6442
6444
6446
6447
6451
6454
6457
39230
39232
6468
39237
6471
6473
6477
39246
39250
6483
6487
6491
6493
6496
39266
39268
6502
39271
39276
6516
39285
39289
39298
6535
39304
39305
39307
6540
39311
39315
39316
39318
39320
39323
6563
39341
39342
6575
39350
39351
6583
6585
39361
39364
39370
39375
39379
6612
39384
6616
6619
39387
6620
39390
6634
6636
6638
6640
6641
39411
39413
6648
6651
39421
6659
39430
6662
6668
6669
39451
6686
39458
39459
6697
6699
39470
6704
39474
6706
6709
39477
6715
39483
39493
6727
39500
39503
39506
39514
6747
39520
39521
39523
6758
39530
6775
6779
6787
6793
39568
39569
6802
39577
6811
6814
6818
39587
39586
6821
39590
6823
39595
39596
6829
6832
39603
6838
39606
6840
6844
39613
6847
39616
6849
6851
39622
6855
39624
39631
6865
6876
6880
6891
39661
39671
6905
6907
39680
39686
6926
39696
6929
39697
6931
6933
39702
6938
39710
6947
39716
39718
6959
6964
6965
39737
6969
6980
39752
39755
39757
39764
7001
39770
39771
39773
7011
7012
7013
39788
7021
39792
39793
39795
7030
39800
39807
39808
39817
39818
7054
7055
7056
7060
7062
39840
39842
7077
39848
39849
39852
39853
39860
7100
39873
7108
7110
39882
39883
39888
7121
7120
39894
39900
7134
7137
7138
39906
7142
39916
39921
7154
39923
39924
39926
39928
7168
39943
39944
39945
7183
39952
39953
39961
39965
7197
7200
7204
39976
7208
39980
7217
7224
7230
39999
7236
7244
40015
7247
40019
7254
7261
40031
7267
40036
7270
7272
7274
7276
7277
40051
7289
40057
7291
7290
40062
7294
7296
40065
40064
7298
40063
7301
40072
7305
7307
7312
40081
40083
7315
7317
40086
40089
7324
7329
7330
40102
40105
7339
40108
7342
40112
7345
40116
40117
7349
40124
7362
7365
40134
40138
7375
40147
40153
7394
7401
7407
40176
40185
40187
7423
40194
7428
40201
7439
40217
40220
40229
40231
40234
40235
40240
40242
7481
40259
40264
40265
7503
7506
7509
40281
40282
7516
7517
7518
40285
40287
7521
40290
7523
40289
40296
40300
7536
40306
40308
7542
40316
40326
40329
7568
40337
7573
40343
7577
7580
7596
7600
40370
7602
7605
40374
7609
40381
40384
7620
40389
7621
40397
40403
7637
40406
7641
7654
7659
7661
7664
40432
7673
7676
7677
40447
40449
40452
7688
7693
7694
40467
7701
40471
40472
40475
40476
7708
7707
7712
40482
7714
7718
7728
40498
40499
40501
7733
40506
7740
7742
7745
40516
7751
7760
7764
40538
40540
7773
7784
40555
40562
40563
7795
40569
40571
7803
40574
7812
7818
7820
7824
40594
7827
40599
40600
40604
7844
7845
7847
40615
7849
40618
40620
7857
7858
40629
7866
40639
7872
7877
7878
40648
7884
40653
7888
40657
7889
40658
40661
7895
40666
7898
40668
7903
40673
40675
7908
7909
40688
7926
40695
7928
40694
40698
7933
40702
7936
40706
40709
7942
40711
40715
40720
40721
7953
7959
7963
40733
7974
7986
40758
7991
40769
8005
8006
40778
8012
8014
40784
8022
40792
8027
8031
40802
40805
8038
8039
40808
40809
40814
8058
40832
8065
40836
40841
40842
40848
8087
40866
40867
8101
8103
8105
40881
40888
8122
40891
40892
8124
8128
8134
8140
8143
40915
8149
40921
40923
40930
8164
40934
40940
8174
40947
8180
8187
8189
8191
8194
8195
8196
8197
40965
40967
40970
8202
40972
8205
40975
8208
40981
8216
8218
40987
40988
40986
40991
8223
40994
8228
8229
8230
8233
41002
8236
41008
41011
8245
41020
8253
8252
8264
41032
41035
8269
8270
41040
41042
41046
8280
8282
41051
41053
41056
8289
8293
41066
8298
8302
41074
8309
41082
41091
8326
8327
8329
41099
41104
8336
8343
8345
8346
8356
41126
8360
8361
41128
41129
8366
41136
8371
41147
41149
8384
41155
8391
8403
8405
8406
8408
41177
8409
8412
8416
8417
8419
8423
41197
8431
8434
8435
8436
8442
41214
8448
8449
41221
41225
8459
41229
41231
41242
8488
8501
8514
8515
8526
41296
8531
8532
41300
41302
41299
41310
8544
41321
8555
8556
8558
41327
41326
8562
41336
8570
41341
41346
8581
8582
8583
8585
8592
8593
41364
41365
8598
41368
8603
8606
41381
41382
8614
8616
8617
8621
8622
41392
41395
41398
41400
8636
8654
41430
8662
41433
8666
41438
8670
41447
41449
8685
41455
8693
8698
41467
8701
41470
8702
41474
41476
41477
41478
8714
41489
41491
8725
8728
8730
8734
41506
41507
41516
8752
8753
41523
8755
8757
41526
41532
41533
8770
41538
8775
8776
8778
8784
41556
41562
41566
41570
8803
8805
41585
41588
8824
8827
8828
41598
8831
41604
8838
8843
41614
41617
8852
8853
8855
8861
8862
8863
8864
41635
41638
8871
8874
41645
41647
8880
41649
8885
41657
41658
41659
41661
41662
8894
41663
41666
41674
8909
41677
8913
41682
41693
8925
41694
8927
8929
8931
8932
41710
41713
8949
41722
8958
41731
41732
8965
8964
41735
8969
41739
41740
41743
41751
41757
8992
41761
8994
8996
8997
41766
8999
9007
41778
41781
9016
9019
9023
41792
41797
9033
9034
9036
41805
9038
9043
9046
41816
9050
9054
41825
41829
41837
9073
41843
41851
9091
41867
9101
41869
41872
41874
9109
41880
9113
9114
41883
41891
9127
9129
41900
41903
41907
9141
41909
9145
41914
41915
9152
41923
41930
9172
9174
9175
9176
9181
41950
9187
41960
9201
41970
9205
9210
9211
41981
9214
9213
41986
9219
9227
41996
42003
42004
9239
9242
9246
9248
42017
9249
42022
42024
42028
42037
42045
42046
9280
42051
42055
42056
9290
9295
42065
9302
9304
42076
9311
42081
9324
9327
9334
9335
9339
42109
42110
9343
42113
9348
42123
9358
42133
9368
42146
42149
42153
42154
9385
9391
42160
42165
9402
42172
9408
9409
9412
42181
42183
42185
9433
9435
42205
42206
9439
9446
42221
9458
9467
9472
9475
42244
9479
42249
42259
9493
42266
9499
9500
42270
42273
9509
9510
42282
42283
42290
9523
9525
9529
42301
42304
9537
42311
9544
42320
9567
42339
9572
9581
42350
9586
42357
9589
9590
9592
42364
42368
9603
9605
42374
9606
9608
9616
42385
42390
42391
9622
42393
42392
9624
42396
42398
42400
42403
42413
42415
42419
42420
42432
42434
9667
42442
9674
42449
9681
9692
42466
9702
9705
42474
42486
42490
42493
9729
42501
42502
9737
42506
42508
42516
9754
42523
9767
42539
9776
42549
9788
42556
42558
42563
42567
9802
42572
9808
42577
42580
42585
42588
42589
42590
42594
42597
9829
9832
9837
42611
9843
42616
9850
42619
42618
42624
9856
42630
9867
42635
9875
42644
42643
9877
42645
9886
42656
9889
9892
9893
9898
9901
9902
42671
9919
9922
9926
9930
42699
9932
42700
9936
9937
42709
9945
9948
42716
42719
42720
9953
42722
9963
42734
42740
42742
9975
9976
42755
9987
9990
9998
42774
10006
10016
10019
10020
10021
42794
42796
42798
42803
10037
42811
10044
42835
42837
10070
10072
42841
10075
42844
42845
10078
10076
10081
42853
42855
10087
10092
10096
42867
42871
10104
42877
10113
10118
10124
42898
42902
10135
10136
10141
42911
10147
42918
42921
10154
42929
10168
42941
42950
42952
10194
10202
42971
10206
10210
10215
42984
42985
10219
42988
10226
42994
42998
42999
10240
10244
10251
43020
10260
10263
43031
43034
10268
43043
10287
43056
10289
10290
43058
43059
43064
10298
10299
10303
43072
43075
43080
43084
43089
10326
10327
10328
10329
10331
43103
10339
10343
43114
10349
10351
43121
10353
10355
10360
10366
43134
43135
10371
10373
43144
43147
43148
10379
10384
10385
43156
43157
10391
10393
43167
10402
10404
10406
10407
43175
43176
10410
43179
10412
10432
43205
10445
43214
10447
10450
10452
43220
10458
43229
43246
43247
10480
43249
10478
43254
43257
43260
43261
10495
43263
43269
43270
43271
43272
43274
43276
43282
43283
43285
43286
10522
43291
10527
10529
10532
43302
10535
43305
10539
43310
10555
10556
43334
43338
43342
10577
43355
10590
43367
10610
10613
43384
10626
10638
43408
43411
10643
10646
10650
10653
43423
10656
43428
10661
43434
10672
43441
10678
10679
43448
10681
43451
10685
43455
10690
10691
43460
10694
10695
43468
43485
10718
10719
43490
10728
43502
10735
43512
43517
10750
43518
43520
10754
10756
43524
43528
43529
10762
10770
10777
43545
43560
10798
43569
43573
43574
10806
10810
43580
43585
10818
43586
43588
43593
10829
10831
10832
10834
10837
43609
43611
43613
10846
10849
43627
10862
10864
10865
43634
43635
43633
10869
43638
10875
10879
10880
10884
43652
10887
10888
10891
43663
43664
43665
10898
43670
10902
43672
10909
43678
10910
43680
10914
43684
43685
10923
10924
43693
10928
10929
10931
10933
10935
10940
43709
43710
10944
43712
43716
10952
10954
10957
43734
10974
43743
43744
10979
43754
10992
10997
43766
10999
11007
43779
43781
43784
43786
11023
11024
43798
43804
43810
11045
43819
11054
11055
11059
11062
11065
43833
11072
11074
43845
11091
11092
43860
43867
11099
43869
43877
11113
11114
43883
43885
11118
11117
43890
11125
43895
43898
11132
11134
43907
43911
43912
11144
43914
11148
11149
43918
43923
43929
11169
11172
11173
43941
11180
43951
43954
11192
43966
11198
11209
43984
11226
11232
11234
44007
11240
11241
44017
11253
44023
44032
11269
11274
44047
44048
11283
11284
44052
11287
11294
11301
44073
44074
11313
11315
44084
44092
11330
44101
11336
11337
44111
44117
11350
11351
11352
11353
11355
44126
11359
11360
44129
44133
11365
11370
44150
11383
11388
11393
44161
44164
44167
11399
11402
11405
44175
11409
11411
44184
11417
11418
11416
44186
11424
44194
44196
11429
11431
11433
44203
44205
11439
44214
44222
11455
11457
44228
11465
44234
11474
11475
11480
44258
11495
11503
44273
11510
44288
11522
44294
44295
11528
11536
11541
44311
44312
44315
11557
11561
44332
44333
44336
44339
11572
44347
11582
44353
11596
44367
44370
44371
11608
44383
11616
11619
11620
11621
11623
44392
44393
11625
44391
11629
11630
44398
11636
44408
11645
11649
11651
44422
11661
44430
11666
11671
11674
44446
44447
11681
11684
11686
11687
44458
11691
11700
44472
11711
11714
44485
44488
44490
44495
11728
11729
44498
11732
44502
44503
11737
11741
11749
44528
11765
11770
11774
44548
11785
44556
11790
44559
44562
44564
44566
44572
11819
44588
44589
11822
11823
11825
44595
44597
44599
11835
11838
11840
11844
11856
11862
44630
11868
11870
11872
44642
11876
44645
44644
11880
44649
44653
11885
44659
44667
44669
44675
11913
11914
44687
11919
44694
11935
11938
44707
11940
11943
44713
44717
44718
11951
11959
44727
44732
44733
44734
44736
11970
44739
44744
44746
11978
11980
11983
44751
44754
44755
11987
44758
44761
44762
44763
11998
11999
12008
12009
12014
44790
12022
12026
44807
44808
12045
12046
12047
12048
44817
44818
44819
44821
44829
12061
44830
44838
44840
12073
44845
12080
12081
12087
12089
44858
12095
12108
12111
12118
44892
44893
12129
44907
44909
12145
12148
12149
44920
12154
44923
12156
44931
12164
44933
44934
12168
44938
44947
12181
12183
44952
12187
12188
12189
44957
44959
44956
44958
12196
44965
12200
44970
12205
44973
12207
12208
44977
44981
12221
12229
12233
45003
45013
45014
45015
12255
45028
12265
45034
45057
12291
12298
45067
12299
12305
45074
12308
45076
12317
45085
12319
12320
45089
45091
12324
12326
45103
45107
12340
12353
45122
12355
12356
45125
45123
12360
45128
12380
12389
12392
45161
45170
45173
45174
12405
12415
45183
12423
12426
45196
12429
45198
45200
45204
12438
45208
12443
12446
12456
45226
45227
45234
45236
45244
12478
45248
45249
12487
45255
12492
45260
12499
45270
12505
12508
12511
12513
45290
12525
45294
45297
45298
12536
12537
45314
45319
12556
12557
45329
45333
45340
45342
45343
45346
12578
45348
12586
12589
12592
45365
12597
12600
12606
12610
45382
12619
45389
12621
45394
45395
12629
12635
12645
45413
12647
45420
45421
12656
12657
45424
45425
45429
45432
12668
45439
12672
12673
12678
12684
45455
45456
45458
45462
12709
12710
12715
45483
45484
45490
12722
12725
12726
12728
45499
45504
45505
12738
45509
45514
12747
12753
45523
45524
12756
12769
12777
45549
12782
12791
45560
12793
12794
45563
45562
12796
45576
45577
12811
45581
45584
12826
12830
12831
12842
12843
12844
45617
45629
45633
45636
12869
45645
45649
45653
45657
45662
45664
12899
45671
45673
12912
12917
12921
12922
12924
45698
12935
12936
12937
12945
12946
12947
45716
12951
45728
45730
12963
12967
12968
45737
45740
45748
12981
45755
45756
12987
12992
12993
12994
12995
12997
12998
45769
45770
13003
13005
13006
13016
13018
45793
45794
13028
13035
45803
13038
45812
45815
13049
13058
13060
45829
45834
45837
13073
13083
45855
45859
13097
45866
13102
45871
13105
13108
13112
45881
13114
45886
45891
45893
45894
45902
45907
13144
45917
13149
45931
13167
45937
45938
13176
13177
45946
45959
45960
13196
13198
13199
45969
45972
13204
45979
13212
13213
13218
13219
45990
45991
13227
45996
46001
46003
46004
13238
13245
46019
13253
46023
46024
13258
46027
13260
46040
13279
46051
13285
46058
46060
13293
13303
13305
46074
46073
13313
46085
46092
13327
13331
13332
46111
46118
46120
46122
13355
46133
13373
46144
13377
46156
46162
13395
46166
46168
13400
13407
46182
13415
13420
46189
46190
13423
13424
13427
13432
46201
46202
46204
46206
46213
13445
13448
46217
46216
46220
13454
13462
13464
46236
13469
46241
46242
13480
13487
46255
46260
46261
13494
46264
46265
13499
46269
13502
13506
13507
46278
13514
46290
13524
13527
46298
46300
46305
46309
13542
46311
13547
13548
13552
13554
13555
46323
13568
13575
13580
13583
46361
13594
46365
13599
13602
13608
46380
46381
13617
46388
46395
13629
46398
46399
13631
13635
46403
13637
46406
46414
46416
46417
46424
46426
13659
13664
46435
13670
13673
46448
46449
46450
46451
46452
46453
13687
13695
13698
46467
46469
13710
46490
13725
13732
13735
46507
13743
46511
46514
46519
13751
13756
46529
13762
46532
46553
46555
13802
13803
46572
13808
13811
46580
13812
46583
13817
46585
46593
13830
46599
46598
13838
46606
13844
46614
46621
13856
46627
46633
13869
46646
46647
13884
46653
46654
46656
46658
13899
46672
13906
13909
46679
13912
46680
46682
13915
13918
13919
46690
13923
13926
13927
13930
13931
13934
46703
46707
13941
46710
46716
13951
46726
46734
13967
46744
46746
46748
46751
46754
46756
46757
46758
46766
46767
46780
14016
46784
14018
46786
46787
14023
46792
46793
14032
14034
14035
46807
46815
14060
46829
46831
14066
14067
46838
46841
46844
46846
46847
14081
46850
46854
46859
14091
46867
46869
46871
46877
46878
14112
14116
46890
14131
46907
46908
14141
14142
46909
46912
14144
46920
14153
46922
14161
46930
46932
14167
14168
14171
14184
46954
46959
46964
14196
14199
46978
14214
14216
46998
47000
14232
14241
47015
14248
47019
14253
47022
47025
47026
14260
47033
47035
14271
47045
14278
14281
14282
47051
47057
14289
14291
14293
14300
47072
47073
14306
14307
47075
14312
14313
14317
14320
47090
47096
14331
47099
47103
14337
47106
14338
14340
14342
14343
47113
14350
47118
14364
47139
47140
14375
47144
47146
14379
47147
14381
14395
14397
14398
14407
14411
47181
14413
47184
47191
47194
47200
47201
47204
14444
47215
14449
14454
47223
14456
14455
47234
14470
14472
14480
14481
14482
14486
14490
47259
47260
47262
14495
47265
47270
47272
47273
47275
14519
47290
47291
14529
47300
14540
47308
47311
47315
47317
14551
14554
14559
14560
47338
47339
14573
47347
14583
14584
47353
14586
47356
47357
47358
47361
14594
47363
14597
14601
14603
47373
14611
47387
47388
14627
47396
14632
14633
47403
14636
14638
14640
14644
47413
47416
14655
14666
47435
14669
47439
47441
47442
14676
47445
14683
47451
47456
14691
47462
47463
47464
47467
47468
14703
47473
47476
47477
47483
14719
47489
14721
14722
14724
47493
14726
14728
14735
14737
14742
14747
47521
47522
14757
14759
14762
47531
47533
47534
14768
14775
14777
14778
47547
47559
14796
47568
47571
47572
14807
47580
14813
14814
47585
14824
14826
14831
14832
47603
14835
14838
47611
47612
14847
47619
14856
47631
14864
47636
14869
47638
47640
47643
14878
47647
47651
14891
14899
47675
14912
14913
47682
14915
47694
14940
47709
14944
47713
47716
47718
47726
14958
14960
14965
14968
14972
14974
14976
47754
14987
14986
14990
15003
15005
15014
15015
47787
15020
15021
47790
47792
15026
47795
47803
47810
47819
47820
47825
15057
47830
15063
47832
47834
15067
15068
47838
15073
47841
15078
15081
47849
47858
15098
47867
15101
15103
15105
47878
15111
15112
15117
15120
47890
15122
47892
15124
15126
15128
15129
47897
15131
47898
15140
47910
47911
47914
15147
15148
15149
15150
15152
15156
47926
15167
47937
15173
15176
15183
15184
47952
47955
15191
47960
47959
15198
47967
47968
15205
15208
15209
47982
15226
47995
15232
15236
48005
48004
15243
48011
15246
15249
48017
48019
15254
15257
15259
48028
48035
48036
48038
48043
48047
15281
48052
48054
15287
15293
48061
15303
48076
15314
48087
48094
15335
48110
15343
48112
15347
15353
48123
15358
15359
48130
15367
15372
48145
15380
48152
15386
15388
48163
15396
48166
48167
15403
15409
48177
48183
15417
48186
15427
15428
48197
15431
15434
48204
15440
48209
15444
48213
15446
15447
48221
48225
48228
48230
15467
15471
48242
15475
48248
15484
48253
15485
15490
48258
48260
48266
48267
15500
48269
15502
15504
15505
15506
48272
48276
15509
15510
48277
15520
15521
15525
15526
48301
48302
15535
48308
48310
48312
48314
48315
15550
15556
15559
15560
48334
15568
15570
15571
15574
48345
15579
15580
15583
15585
48358
15591
15592
15594
48366
48369
15601
15608
15617
48390
15625
48398
15637
48406
48409
15643
48417
15650
15655
48425
48428
15666
48440
15675
48444
48445
15692
48463
15697
15705
48474
48475
48476
15709
15719
48489
15722
15733
48502
15736
48510
15746
15749
15750
15752
48521
15753
48527
15763
48535
15767
15771
48542
48544
15778
48546
48548
48557
15791
15794
15798
15802
15805
15807
48577
15815
48586
15825
48593
48600
15835
15836
15844
48620
15852
48622
15859
48629
15866
15872
15878
48663
15895
15898
15902
48674
48676
48677
15910
15912
15913
48684
15934
15940
48709
15943
48714
15949
48721
15964
48735
48740
15975
48746
15981
48753
48754
15990
48758
15992
15994
48762
15996
15997
48765
48781
48782
48788
16028
16031
48801
16035
48804
48807
16042
48810
48816
16058
48832
16065
48833
48835
16066
16076
16084
16087
16098
16099
48869
48872
16106
48877
16111
16113
48882
48885
48886
48887
16124
48893
48892
16125
16134
48904
16144
16145
16146
16149
48921
16155
48923
48930
16166
16170
48938
48941
48945
48952
16188
16189
16201
16203
16206
48975
48978
16214
48982
16218
48989
48990
16224
48997
16230
16231
16229
49006
16240
16241
16247
49018
16252
16254
49029
16272
16276
49045
16279
16280
16281
16282
49051
49052
49054
49056
16290
49059
49060
49061
16294
16296
16297
49064
16301
49074
49075
16308
49077
49078
49081
49083
16319
49092
49094
49099
16335
49104
49108
16345
16353
16357
16366
49151
49154
49155
16389
49160
49162
16398
49167
49168
16405
49176
16410
49182
49186
16424
16429
49199
49202
16435
49206
16441
16442
16444
49216
16449
49217
16454
49225
16457
16459
16465
49241
49243
49245
49252
49260
49266
16502
49274
49278
16510
49283
16518
49290
16531
49301
16535
49311
49326
16560
16562
16563
49335
16574
16581
16590
49367
49369
49370
16603
16605
16606
49376
16611
49382
16614
49393
49396
16629
16628
16632
49401
16636
49407
49419
16655
16656
49428
16661
49429
49432
49433
49439
49443
16676
49446
16679
49448
49454
16688
16698
49469
49470
16708
49482
49487
49491
49494
49498
49499
49500
16733
49502
16738
16739
16740
49509
49510
16746
49514
16748
16749
49518
16752
49520
49522
49523
16755
16757
49525
16760
49529
16764
16765
16767
49535
49537
16779
16781
16782
16788
16790
49562
16797
16798
49569
16802
49571
49572
16805
49574
16810
49579
16813
16837
49605
16840
16843
49611
49612
49613
16848
16849
16851
49620
16852
49622
49623
49619
16857
49621
16866
16867
49640
49641
16875
49643
16879
49648
16896
16897
16904
16906
49675
49676
16908
16916
49688
16924
16927
49696
16928
16930
16932
16934
16935
49706
16939
16941
16943
16945
49717
16951
16955
16960
16966
49734
49739
49743
16978
49747
49749
49752
16984
49753
16988
16992
49760
16996
49765
17001
49771
49772
17003
17010
17011
49781
49782
17022
49792
49794
49813
49815
49816
17048
49819
49820
49822
17056
49826
49841
17075
49845
17078
17081
17083
17091
49860
49861
17094
17100
17103
17109
49881
17114
49884
17118
17120
49889
17124
49901
17135
17140
49908
49909
17141
49913
17145
17147
17149
49919
49922
17158
17159
49928
17167
17168
49937
49941
49946
49954
49957
17195
49974
49976
49978
49979
17217
17223
17224
49996
17231
17239
17244
17245
50015
50021
50024
17259
17262
50032
50038
50042
17279
17280
17285
50057
50059
50060
50065
50067
17300
50071
17303
50072
17306
50075
50076
17308
17310
50074
50077
50084
50089
17326
50097
50098
50104
17338
17343
17344
50112
17346
50113
50114
17347
17351
50120
50123
17356
17360
50128
50129
17365
50134
17371
17378
17380
17381
50152
50154
17386
17395
50165
17401
50175
50176
17409
17414
17419
17423
17430
17432
17437
50208
50210
17448
50217
50221
17455
50224
17461
17463
50232
17465
17466
50235
50234
50239
50240
50241
17475
50246
50250
50252
50263
17498
17507
50276
50284
50286
17528
17532
50301
17535
17539
50307
17542
50314
50319
50324
17556
50326
50328
50333
17570
50341
50343
17576
50345
17578
17579
17581
50352
50353
17597
50367
50373
50381
50382
17614
17616
17615
50384
50388
17626
50394
17643
50411
50412
17648
50419
17652
50422
17656
17658
50431
50435
17668
50450
17684
50453
50456
17690
50460
17697
50465
50470
17703
17704
50479
17713
17714
50491
50492
50493
17726
50495
17727
50502
50504
50506
50509
17742
17743
50514
17749
50518
50523
17757
50525
17758
50528
17761
50532
50544
17779
50548
50547
17784
50553
17788
17795
17801
17804
17806
17807
50576
50577
17810
17809
17816
50595
17828
17834
50608
17845
50614
50620
17856
17866
50637
50638
50640
50645
17877
50648
17900
50669
17901
17905
50681
50684
50690
17922
50694
50697
17929
50699
50700
50701
17933
17939
50707
17948
50717
50720
17954
50728
17962
17964
17966
17973
50744
50752
50756
50764
17999
18000
18003
18004
18005
50774
50773
50776
50777
18010
50780
18016
50787
50788
18022
50791
50792
50790
18029
50798
18037
18043
18046
18052
50826
18066
50839
18071
18072
18074
18081
18082
50850
18087
50855
18089
18088
18091
50864
18101
18102
18104
18115
50889
18125
50895
18129
18131
50907
50910
18143
18147
50922
50928
18163
50941
18185
18194
18199
50974
18207
50975
18208
50990
18224
18226
50997
18231
50999
18238
18240
51009
51013
18248
51031
18266
18271
51041
51043
18276
51045
18282
18285
18287
51056
51055
18293
18302
18307
18309
18317
18318
18322
18323
51091
18330
18337
18338
51111
51114
18353
51122
51124
18360
51129
18363
18365
51134
51136
18369
18376
51147
51148
18388
18390
18393
18397
18398
18400
51170
18405
51175
51178
51186
18425
51196
18429
18430
18428
18432
51206
18439
51208
51209
18442
18453
18455
18458
51227
18464
18465
51233
51238
18471
18474
51244
51246
51247
18482
51254
18487
51264
18496
18499
18500
51272
51273
51274
18507
51279
18522
51295
18528
18529
18527
51299
51305
51311
18544
18546
18551
18553
51322
18555
51330
18565
18567
51345
51346
51351
18586
18587
18588
51354
51359
18595
51369
18601
18613
51386
18618
51391
51392
51396
18629
18633
51403
51411
51412
18644
51414
51417
51422
18662
18663
18665
51433
18668
18670
18672
51449
18682
51451
18684
18685
51454
51453
51456
51450
51459
18693
18702
51472
18705
18715
18719
18720
18725
51501
51503
18737
51506
51507
18744
51517
18752
51520
18757
51530
18763
51532
51533
18768
18769
51542
51550
51551
18782
18788
51558
51564
18796
18797
18801
51570
51571
51573
18806
51582
51588
18820
51592
18825
18824
51600
51601
18833
51603
18839
18852
18855
18860
51628
51630
51633
51635
18870
51640
51641
18873
51643
18879
18880
51652
51653
51660
51664
51674
51677
51678
18911
51680
51681
51685
18921
18924
18927
51696
51695
51698
51699
18936
51706
51710
51711
18943
51719
18951
18953
51722
51725
51731
18963
18964
18967
18968
51736
18971
18980
51750
51754
18988
18993
51763
51766
51769
19006
51780
19013
51783
51786
51787
51789
19026
19033
19044
19046
19050
51819
51831
19066
19067
19068
51838
51841
19073
51849
19081
51858
51867
51868
19102
51871
19109
19112
51885
51888
51893
51894
19125
51897
51898
19134
19138
51909
51913
51916
51917
19149
19150
19152
19153
51930
19163
51933
19168
19171
19172
19174
51943
51947
51948
51950
51953
19188
51960
51961
19196
51964
51966
51969
51971
51973
19210
19218
51988
19222
19225
19226
51996
19233
19236
52005
19242
52011
19245
19252
52021
19254
19253
52020
52033
19271
19272
19276
52044
19279
52052
52056
19289
19296
52066
19299
19300
19317
52086
19320
52088
52098
19334
19336
52117
52121
52122
19355
19358
52126
52129
52133
19367
19370
19372
19375
19378
52154
52156
19391
19392
19395
52164
19397
52169
52170
19405
19406
19407
52176
19409
52180
52184
52187
19421
52191
19423
19427
19431
52200
19433
52205
19441
19442
52211
19445
52217
19463
52231
52234
52240
19472
19475
19481
52250
19485
52256
19488
19493
19499
19501
19505
19510
19513
52282
52284
19518
52289
19525
52297
19532
19534
19535
52304
52302
52306
19539
19543
52314
19546
52316
52318
19554
19558
19559
19561
19565
52334
52333
19570
52344
19577
52348
19585
19590
52367
19599
52372
52373
19606
52374
52376
19611
52383
52385
52386
19619
52388
19617
52390
52393
19636
52406
52409
52411
52413
19647
52416
52422
19658
19665
52444
19677
19679
52449
19687
52456
19693
19694
19699
19702
52471
52472
19705
19709
19710
52479
52478
52484
52489
19723
52492
52496
19731
52503
19737
52513
19751
19754
52526
19763
52532
52534
52545
52548
19781
52550
19783
52551
52553
19786
52559
19792
19799
19802
19803
19805
52578
19810
19813
52582
19815
19816
52597
52598
52601
19844
19848
19850
52618
19853
52624
19858
19859
52629
19863
19864
19865
52637
52639
19872
19874
19879
19883
19886
52655
52656
19887
52661
19893
52666
52670
19909
52677
19912
52681
52683
19916
19917
19918
52689
19926
52697
19932
19938
52707
52708
52711
19944
52719
19953
52724
19958
52727
19960
19961
52730
19969
52740
19976
19979
19982
52752
19984
19991
19996
52767
52772
52776
20009
20015
20016
20017
52785
52803
20037
52806
52808
52811
52815
20055
20056
20062
20063
52834
52839
20082
52857
20092
20097
20103
20106
20108
52881
52889
20122
20126
52895
20128
20130
52899
52907
20143
20147
52916
20151
52920
52925
52926
20160
20161
52936
52940
52942
20184
20186
20187
20188
20189
20194
52964
20197
52966
20199
52967
20203
20204
20207
20213
20216
52991
52992
53003
53004
53005
20249
53018
20253
53022
53024
20260
20263
53034
20267
20279
20289
20291
53062
53063
53076
53078
20320
53090
20323
53095
53096
53097
53098
53099
53100
53105
20343
53112
53115
20352
53121
20356
20358
20359
53128
53129
53126
20362
20366
20369
20372
53141
53143
53145
53146
53147
53153
53160
53164
53165
53167
20404
20405
53172
20420
53189
53190
53191
53192
53195
20429
53198
53197
53202
20435
20439
20447
20449
20451
20453
53222
53224
53226
20461
20463
53231
53234
53237
53244
53251
53252
53256
53260
20493
53262
20500
53269
20502
20503
53287
20524
53292
20527
53296
20528
53304
20536
53307
20546
53314
53319
20551
20554
53328
53332
53333
20568
53340
53349
53353
53356
20590
20591
20592
20595
20598
20602
20607
20612
20613
20614
53385
53389
53392
53393
53394
53397
53407
53415
53421
20654
53425
53430
53437
20670
20677
20680
53450
20695
20697
20702
53471
20703
53478
20710
53482
20715
20717
20718
53485
53495
20730
53504
53505
20737
53517
53523
20759
20764
53533
20769
53542
53545
20782
53551
20785
20787
53555
20800
53573
20810
20812
53585
20818
20821
53593
20832
53602
20840
53610
20848
53620
20856
53627
53629
53634
20866
53635
53640
20873
20875
53649
53651
53655
20891
53661
53662
20896
53664
20899
53668
53670
53671
20914
53683
53684
53687
53691
20926
20930
20931
20935
20937
20939
53709
53710
53714
20952
53721
20957
20958
20961
53730
20968
20969
53738
20970
53742
20976
20978
53754
21001
53773
21007
53781
21013
53786
53787
21020
53800
53801
21032
53804
53807
21043
53812
21044
53813
21047
53818
53819
53821
53823
21057
21058
53829
21062
21065
21068
53837
21069
21075
53843
21079
53847
53853
21085
53857
21090
21092
53862
21094
53865
53866
21100
53869
21103
21112
53882
21120
53899
53903
53905
21138
53908
53913
21146
53920
53922
21156
53925
53930
53931
21172
21175
21176
53943
21187
53958
53966
21204
21206
53975
21209
21211
53983
21216
53990
21224
21226
21230
21235
54007
54011
54015
21255
21257
21258
54029
21264
54036
21273
54042
21277
21281
21283
21284
21288
21289
21290
21293
54062
21300
54076
54077
54079
21312
21315
54084
21325
54096
54098
21331
54101
21337
54115
54120
54123
21359
54132
21364
54134
21366
21369
54140
54143
21382
21385
54155
54162
21394
54171
21404
21405
21411
54180
54181
54187
54190
21425
54197
21434
54202
54207
54209
54211
54212
54217
21449
21453
21456
54224
21458
54226
21479
54256
21491
21494
54267
21500
21502
54271
54273
21508
21512
54295
54299
54301
54302
21537
54305
54308
21541
21543
54312
54315
21548
21549
54318
21552
21553
21555
54326
54328
21574
21576
21577
21585
54355
54364
21596
21598
21601
54372
21604
54373
54379
21613
21614
21615
21617
21618
21638
54406
21641
21642
54411
21645
21653
54423
54424
54428
54433
54436
54438
54439
21672
21674
21678
54450
54452
54459
54462
21699
54478
54481
54491
54494
54495
21726
21729
21731
21740
54510
21743
21744
54511
21752
54522
21756
54526
21760
54528
54533
21766
21775
54546
21779
21780
21781
54550
21800
54574
54575
21807
21812
54580
54582
21815
21817
54585
54592
21825
21826
54595
21828
54596
21831
21833
21836
54605
21837
54608
54610
21843
54611
54617
21854
21857
54627
21859
54629
21864
21867
54638
21876
54647
21880
54651
21889
21892
21904
21914
54684
54692
54693
21928
54699
54700
54705
54708
54711
21944
54714
21948
21950
54722
54724
54725
21969
54740
21973
21975
54748
21981
54749
21986
54755
21991
54759
21994
54763
54768
22001
22009
54778
54780
22018
54789
54795
22034
54805
54806
54813
22053
54822
22057
22063
54832
54833
54834
54835
22068
54838
22073
22076
54844
54846
22087
54856
22088
54865
22097
22099
54869
54870
54871
54875
22108
54877
22115
54886
22119
22122
22123
54894
22130
54901
22135
22139
54908
22141
54909
54911
22140
22146
54918
54921
22165
22167
54937
22169
22173
54945
54953
54957
22191
22193
54962
54968
54970
22203
22207
54977
54978
22211
54982
22216
54987
22221
54991
54992
22232
55003
55004
55005
55012
55013
22246
22245
22250
55019
22256
55025
55024
55028
22261
55029
55032
55033
22268
55037
22272
22274
55045
55047
55053
55055
22290
55061
55063
22300
55068
22302
22303
22306
55075
55085
55088
22320
22324
55103
55104
22336
22338
55109
55110
55111
22347
22348
22350
55121
22363
22364
55135
22368
55138
22371
22389
55159
55160
22396
22397
55167
22399
22403
55172
55173
22408
55178
22413
55185
22421
22424
55193
55194
22425
55196
22427
22431
55202
55208
22444
22447
22450
22453
22457
22460
22462
22464
55234
22467
55237
55248
55249
22489
55257
55260
22498
22502
55276
22518
55295
22528
22535
55306
55307
22541
22545
55315
55321
22559
55329
22565
55335
55336
22582
55351
22584
55355
55360
22593
22595
22598
22602
55372
22604
22607
22611
22614
22619
22620
55390
55396
22629
22630
22631
55407
55408
22640
55410
55409
22648
22653
22657
22663
22665
22666
55434
22675
55446
55452
55459
55467
22700
22704
22706
22707
55479
22716
55489
22722
22728
55498
22733
55501
22740
22745
55514
55515
22752
55520
22756
22758
22763
55531
22764
55536
22769
55540
22776
22783
55564
55565
22800
55573
22809
55580
55585
55586
55595
55597
22830
22831
22834
22835
22836
22837
55602
55609
22842
55614
55615
55619
22853
55621
22874
55647
55648
22885
55654
22906
22907
55676
22910
55682
55683
55685
22919
22920
22925
22926
22927
22929
55697
22935
22937
55705
55708
55713
55719
55726
55729
55730
55731
22965
22970
22971
22976
22980
55753
22985
22989
22990
55761
55764
55765
22998
23010
23011
55783
23015
23019
55789
55793
23053
23054
23055
55824
23058
55830
55839
55840
55841
23082
23084
55853
55863
23096
55866
23099
55871
23103
55876
55879
23113
55881
23117
55887
23131
55899
55902
23137
23142
55914
55916
23149
55922
55927
55930
23165
55934
55935
23167
23169
23170
23174
23177
55945
23179
55955
23190
23193
55973
23207
55976
55977
23210
23215
55984
55995
23228
23232
56001
23234
23235
23241
56012
23246
56019
56022
56030
23263
23271
56041
23275
23279
56048
23291
56067
23300
23301
23303
23306
23307
56084
56085
56088
56089
23324
56093
23326
23333
23344
56115
56116
23351
23354
56124
56125
56126
23363
56133
23377
23378
23380
23383
56153
23386
56155
56166
23398
23402
23403
23416
23419
56190
56191
23426
56202
23438
56207
23443
56214
56220
23457
23464
56232
23472
23473
56242
56240
23480
23484
23485
56256
23489
56257
23493
56262
23495
23500
23501
23504
56273
23506
23507
56277
56284
56287
23524
23525
56292
23527
23530
56299
56300
23540
23549
23553
23554
23557
56327
23563
23569
56340
56342
56346
56347
56348
56353
56355
56358
23594
56362
23596
23600
56368
56369
23604
56379
23613
23616
56394
56399
23631
56402
23635
56415
23647
56417
23650
56421
56423
56425
56427
23663
23664
23679
23690
56462
23704
56476
23710
23711
56480
23719
23720
56492
23729
56498
56508
56510
23743
56512
23742
56514
23747
23749
56527
56530
56534
56536
23776
56547
56548
23781
56553
23790
23792
56560
23797
23799
23801
56570
56571
23804
23807
23813
56583
23817
56586
23822
56593
23826
56594
56595
23828
56600
23833
23835
56604
23841
56609
56613
56615
56619
56622
23857
56633
23875
56646
23878
56648
23880
23883
23888
56663
23897
56665
23898
23900
56668
23899
23903
56672
23916
23920
56689
23922
56691
23924
23921
56693
23925
56703
56705
23937
56709
23953
56722
56721
56732
56737
23974
56750
56751
23983
56754
23993
23995
56776
56781
24017
56787
24021
24022
56790
56791
56802
24040
56812
24045
24051
56831
24070
24071
24073
56844
24079
24089
56868
24104
56872
24108
56878
56883
56885
24118
24119
24126
56894
56899
24139
56911
56915
56917
24149
24157
24158
56926
56931
56932
56934
56936
24175
24177
24181
56952
24186
24187
24193
56962
24195
56963
24198
56972
56975
56978
56981
24214
57003
24235
57009
57013
57016
57018
57022
24257
24262
57031
57038
24275
24278
57051
57053
57058
24290
24292
24293
57065
24299
57069
57071
57072
24309
57081
24314
57082
57083
24319
24320
57088
57090
24325
57099
24334
57105
57112
24345
24356
24358
24360
57131
24366
57135
24368
57141
24373
24375
57149
57150
24405
24406
57181
57187
57188
24422
24423
24425
57196
24439
24440
57209
24442
24444
57218
57221
57224
24457
57229
57234
57239
24472
57241
24475
57246
57249
24484
24488
24495
24498
57267
24503
24513
57282
24515
24514
24517
24518
24520
57288
57296
57297
24533
24536
57305
24538
57308
24546
57316
24548
24551
57320
24552
24558
24560
57331
24564
57333
24571
24579
24582
57352
24584
24588
57359
57361
57364
24597
24598
57367
57368
24603
24605
57374
57375
24606
57382
57383
57385
24618
24620
57388
57393
24626
24628
57398
24631
57400
57399
24634
24635
57407
57413
24646
57414
24649
24653
57426
24658
57428
57434
24666
57436
24672
57448
57450
57462
24695
24696
57466
24700
57468
24706
57475
57479
57480
57482
24726
24728
57497
57498
24732
57503
24736
57509
57510
57515
24749
57518
57520
57522
24754
24762
24763
24765
24768
24772
57543
24778
57549
57554
57558
57570
24806
57575
24809
24819
57588
24820
24823
57593
24829
24831
57604
57606
24838
57609
24851
57622
57623
24856
24858
57626
24860
24861
57630
24862
24865
24870
24876
57644
24880
24883
24884
24888
57672
24906
57678
24912
57681
24918
57688
57689
57690
57692
24926
24927
57699
57700
57704
57717
57722
24956
57737
24971
24974
57744
24977
57747
24982
24983
57750
57753
24986
24987
24989
24991
57760
24993
57762
57763
57765
57766
57769
25004
25008
25012
25016
25017
57788
25025
25031
25032
57800
57802
25034
25033
57801
57807
57808
57811
25046
25048
25050
57820
25058
57826
57829
25063
25068
57836
25070
25072
25076
57846
25082
57859
25091
57863
25097
25103
57871
25104
57874
57875
57876
57878
25112
25113
25117
57886
25118
57887
57895
57905
25138
25139
57907
57910
57914
25147
25150
25158
25161
25162
57931
25164
57932
57934
25168
25174
57943
25178
57949
25184
25187
25197
57966
25203
25209
25212
57984
57986
25223
25235
25239
58010
58016
58020
58022
58024
25261
58031
58032
25265
25268
58036
25271
58040
58042
58046
58047
25280
25281
25282
58053
58058
58059
58074
25310
58085
58087
25320
58088
25323
58096
25328
25330
58102
58103
25336
25338
58107
58108
25342
58112
25347
58120
25355
58140
25375
25381
25383
58152
25385
58155
25387
58156
25401
25403
58173
25411
25413
58190
58192
58198
25432
58211
25456
58225
58227
25463
58233
58235
58237
58238
25471
58241
58242
58253
58258
58259
58267
58268
25500
25505
25508
58278
58279
25518
58290
25522
25526
25528
25529
25531
25532
58306
25539
58307
25541
25542
25543
58314
58319
58324
25558
58327
25561
58331
58335
25570
58341
25573
58350
25584
58353
58355
58356
58364
58368
58370
25603
58372
25604
25602
25607
58375
58376
58386
58387
58391
25634
25637
25640
25642
25644
58421
58423
25656
58431
25664
58434
25672
25676
58450
58455
25689
58458
58460
25693
25698
58469
25701
58483
58484
58487
25726
58498
58507
25740
58517
25752
25755
58525
58526
58530
58531
58532
25764
58535
58536
58538
58542
58544
58545
25778
25781
25783
25784
58561
58565
58567
25801
58572
25807
25812
58588
25821
58590
58592
58595
25829
58597
25832
58603
25838
58610
25851
58623
25856
58625
25857
58628
58631
25868
25872
25874
58643
25877
25882
25885
58656
25895
58664
58665
25896
25898
25903
25908
25909
58682
25919
58690
25927
58699
25941
58713
58714
25947
58716
58717
25948
58719
25951
58721
58722
25955
25956
58734
25970
58740
58744
25977
58746
25982
58751
25986
58755
58754
58757
58760
25993
58763
58764
58768
26000
26002
58782
26016
58786
26029
58800
58802
26036
26037
58807
26041
26045
58814
58816
26051
58820
26053
58822
58823
26055
26058
26060
26064
58834
26068
58838
26071
26073
58842
26074
58849
26093
58862
26097
58871
26106
26107
26108
58877
26111
26114
26118
26119
58887
58889
58891
26123
58893
26129
58898
26131
26139
58910
58914
26149
26151
58919
26153
26158
58930
26163
26168
58940
58945
26178
26185
58954
26187
26190
26191
58965
58968
58970
26202
58979
26212
26215
26220
26224
58994
26227
59003
26236
59008
59013
59016
26250
59019
26253
26254
59021
26257
59026
59025
26261
26266
26269
26274
26276
59046
59047
26285
26286
26289
26293
59063
59065
59070
59073
59075
59083
26316
26317
59087
59090
59096
59103
59107
26343
59114
26350
59118
26354
59124
26362
26366
59134
59137
59138
59139
26370
26373
59146
59147
26382
26385
26388
26389
59157
59159
26390
59172
59178
26410
59185
59191
26424
59193
26426
59194
59199
59201
59206
26443
26444
26447
26452
59222
59223
26456
26455
59229
26463
26467
59239
59241
59249
59250
59251
26486
59254
59259
26491
59264
59268
59270
26503
26506
26509
59279
59280
59281
59288
26521
59295
59297
59305
26538
26540
59312
26545
59315
26549
59319
26554
59324
59325
26559
59329
59336
26569
59340
26576
26577
59356
59359
59362
26603
59378
59386
26620
59392
26624
26625
26630
26631
59403
26644
59417
59419
26652
26654
26665
59436
59437
59440
59442
59443
26675
26679
59449
59450
26682
26684
59464
59466
59467
59470
59475
26711
59485
59489
26727
59497
26733
26734
26736
26737
26740
59517
26750
59520
59522
26754
59527
26764
59539
59541
59547
26780
59548
59551
26783
26785
26788
59557
26793
59565
26804
26805
59579
59582
59583
59584
26818
26819
59587
59591
26823
26826
59596
26833
26835
26841
26842
59611
59614
26847
59616
59626
26859
59631
26872
59648
26882
59652
59653
59663
26896
59665
26903
26906
59683
26918
26919
26922
26925
26931
59716
26949
59718
59720
26955
59731
59732
26967
59737
59742
26975
26977
26979
59748
26988
59763
59768
59773
27008
27013
59797
27031
27033
59804
27037
59808
59809
27044
27045
27046
59818
59819
59822
59828
27060
59839
27072
59840
27074
27076
27088
59870
27104
59872
27110
27111
59879
59883
27116
59885
59889
59890
59896
59911
59914
27148
27155
27157
27163
59940
27172
27176
59946
27180
59949
59953
27192
59960
59969
59970
27202
27212
59984
59990
27227
59998
59999
27252
27258
27261
27264
27265
27273
27284
27287
27297
27316
27328
27329
27331
27337
27339
27342
27346
27349
27352
27357
27368
27371
27380
27382
27394
27397
27407
27408
27416
27423
27430
27432
27435
27436
27444
27445
27465
27468
27471
27477
27490
27491
27497
27500
27501
27517
27518
27525
27538
27546
27547
27561
27565
27578
27581
27583
27598
27600
27601
27619
27627
27629
27632
27643
27650
27652
27658
27663
27665
27666
27667
27668
27681
27683
27685
27701
27709
27716
27728
27748
27750
27751
27756
27766
27786
27795
27799
27806
27813
27814
27831
27838
27861
27862
27865
27875
27881
27899
27905
27908
27926
27936
27944
27948
27951
27952
27972
27973
27974
27980
27981
27984
27997
27999
28000
28003
28018
28025
28036
28049
28051
28052
28054
28055
28058
28075
28088
28095
28101
28104
28130
28136
28141
28143
28155
28162
28168
28170
28179
28181
28192
28193
28196
28197
28204
28206
28212
28219
28226
28231
28234
28235
28237
28243
28245
28251
28255
28257
28260
28268
28269
28275
28280
28283
28285
28293
28296
28303
28308
28310
28314
28315
28323
28334
28340
28352
28358
28365
28368
28387
28388
28397
28399
28404
28409
28410
28439
28440
28448
28458
28459
28463
28467
28469
28471
28477
28482
28491
28499
28528
28531
28539
28542
28543
28550
28551
28562
28578
28584
28590
28592
28593
28597
28598
28603
28604
28606
28617
28619
28621
28638
28640
28654
28657
28677
28682
28689
28697
28736
28743
28745
28755
28761
28762
28773
28775
28778
28782
28790
28793
28806
28811
28815
28817
28823
28825
28830
28844
28849
28857
28859
28872
28873
28883
28890
28891
28899
28906
28927
28936
28940
28943
28953
28959
28982
28986
28988
28991
28993
28994
28996
29000
29004
29007
29008
29018
29027
29028
29034
29037
29038
29042
29047
29048
29050
29054
29060
29065
29067
29068
29072
29075
29094
29099
29123
29124
29126
29128
29142
29148
29151
29160
29165
29175
29179
29180
29183
29185
29193
29196
29201
29206
29207
29211
29215
29220
29221
29228
29231
29245
29254
29259
29262
29289
29290
29298
29305
29309
29319
29323
29325
29344
29346
29353
29355
29357
29358
29361
29373
29376
29392
29396
29403
29408
29414
29416
29419
29421
29423
29430
29436
29437
29440
29458
29459
29461
29465
29468
29479
29482
29484
29494
29498
29500
29501
29506
29508
29512
29513
29522
29530
29533
29534
29535
29541
29546
29552
29555
29557
29568
29573
29595
29604
29605
29610
29613
29618
29619
29625
29627
29629
29643
29647
29652
29653
29654
29656
29666
29670
29676
29685
29690
29691
29707
29711
29714
29723
29736
29765
29766
29784
29787
29792
29793
29809
29824
29829
29835
29845
29847
29850
29857
29864
29865
29867
29868
29869
29870
29874
29878
29894
29922
29927
29951
29955
29956
29962
29965
29967
29975
29978
29986
29994
30009
30010
30020
30040
30041
30043
30050
30065
30067
30070
30071
30078
30080
30083
30090
30094
30099
30116
30119
30124
30128
30138
30140
30142
30148
30149
30155
30156
30160
30165
30170
30176
30216
30219
30223
30230
30235
30237
30240
30243
30248
30260
30268
30269
30272
30273
30274
30297
30300
30305
30309
30314
30324
30326
30329
30331
30333
30341
30346
30348
30353
30360
30364
30370
30371
30372
30403
30409
30415
30429
30432
30440
30447
30455
30462
30476
30485
30491
30494
30511
30521
30528
30529
30547
30560
30562
30566
30569
30570
30571
30585
30587
30593
30600
30602
30605
30613
30624
30633
30640
30643
30644
30645
30655
30659
30664
30671
30678
30684
30686
30701
30711
30716
30733
30747
30750
30760
30762
30773
30776
30793
30797
30808
30811
30818
30819
30832
30838
30851
30865
30875
30884
30895
30901
30902
30904
30908
30915
30920
30922
30925
30926
30927
30928
30938
30940
30950
30954
30962
30984
30994
31000
31007
31021
31022
31024
31030
31035
31040
31046
31062
31087
31096
31107
31110
31111
31121
31128
31129
31147
31161
31162
31171
31173
31176
31187
31188
31191
31196
31199
31201
31213
31221
31225
31232
31242
31244
31246
31249
31265
31272
31274
31291
31293
31298
31304
31313
31317
31320
31323
31327
31329
31331
31343
31349
31358
31370
31382
31384
31387
31391
31396
31397
31399
31403
31405
31420
31429
31431
31437
31449
31460
31463
31466
31493
31507
31509
31519
31528
31534
31543
31548
31567
31576
31580
31582
31603
31613
31615
31626
31634
31636
31640
31644
31649
31652
31665
31667
31668
31672
31686
31694
31695
31700
31703
31718
31724
31727
31732
31735
31738
31742
31743
31750
31751
31762
31765
31769
31771
31780
31789
31792
31798
31803
31805
31812
31813
31815
31816
31817
31822
31825
31830
31834
31849
31860
31863
31868
31869
31872
31873
31881
31885
31891
31898
31901
31908
31910
31911
31915
31925
31931
31939
31953
31960
31961
31963
31965
31972
31976
31978
31981
31985
31989
31992
32014
32021
32023
32024
32026
32035
32052
32054
32059
32060
32066
32067
32069
32076
32077
32081
32086
32088
32089
32092
32099
32118
32119
32123
32125
32126
32129
32132
32134
32138
32148
32153
32154
32159
32161
32165
32171
32185
32186
32194
32197
32200
32202
32206
32217
32221
32224
32225
32232
32235
32236
32237
32256
32263
32264
32273
32277
32282
32287
32294
32312
32321
32325
32331
32336
32341
32344
32364
32369
32373
32378
32393
32400
32403
32407
32418
32425
32433
32435
32437
32446
32451
32453
32456
32457
32463
32464
32471
32474
32477
32481
32484
32490
32491
32501
32505
32509
32511
32514
32519
32522
32523
32525
32550
32555
32565
32575
32578
32579
32581
32595
32614
32616
32617
32618
32619
32627
32628
32630
32632
32636
32638
32648
32652
32668
32669
32677
32681
32682
32698
32709
32722
32737
32743
32750
32754
32757
32759
32762
